/*--------------------------------*- C++ -*----------------------------------*\
| =========                 |                                                 |
| \\      /  F ield         | OpenFOAM: The Open Source CFD Toolbox           |
|  \\    /   O peration     | Version:  2512                                  |
|   \\  /    A nd           | Website:  www.openfoam.com                      |
|    \\/     M anipulation  |                                                 |
\*---------------------------------------------------------------------------*/
FoamFile
{
    version     2.0;
    format      ascii;
    arch        "LSB;label=32;scalar=64";
    class       volScalarField;
    location    "0";
    object      Cx;
}
// * * * * * * * * * * * * * * * * * * * * * * * * * * * * * * * * * * * * * //

dimensions      [0 1 0 0 0 0 0];

internalField   nonuniform List<scalar> 
1920
(
0.00075
0.00225
0.00375
0.00525
0.00675
0.00825
0.00975
0.01125
0.01275
0.01425
0.01575
0.01725
0.01875
0.02025
0.02175
0.02325
0.02475
0.02625
0.02775
0.02925
0.03075
0.03225
0.03375
0.03525
0.03675
0.03825
0.03975
0.04125
0.04275
0.04425
0.04575
0.04725
0.04875
0.05025
0.05175
0.05325
0.05475
0.05625
0.05775
0.05925
0.06075
0.06225
0.06375
0.06525
0.06675
0.06825
0.06975
0.07125
0.07275
0.07425
0.07575
0.07725
0.07875
0.08025
0.08175
0.08325
0.08475
0.08625
0.08775
0.08925
0.09075
0.09225
0.09375
0.09525
0.09675
0.09825
0.09975
0.10125
0.10275
0.10425
0.10575
0.10725
0.10875
0.11025
0.11175
0.11325
0.11475
0.11625
0.11775
0.11925
0.00075
0.00225
0.00375
0.00525
0.00675
0.00825
0.00975
0.01125
0.01275
0.01425
0.01575
0.01725
0.01875
0.02025
0.02175
0.02325
0.02475
0.02625
0.02775
0.02925
0.03075
0.03225
0.03375
0.03525
0.03675
0.03825
0.03975
0.04125
0.04275
0.04425
0.04575
0.04725
0.04875
0.05025
0.05175
0.05325
0.05475
0.05625
0.05775
0.05925
0.06075
0.06225
0.06375
0.06525
0.06675
0.06825
0.06975
0.07125
0.07275
0.07425
0.07575
0.07725
0.07875
0.08025
0.08175
0.08325
0.08475
0.08625
0.08775
0.08925
0.09075
0.09225
0.09375
0.09525
0.09675
0.09825
0.09975
0.10125
0.10275
0.10425
0.10575
0.10725
0.10875
0.11025
0.11175
0.11325
0.11475
0.11625
0.11775
0.11925
0.00075
0.00225
0.00375
0.00525
0.00675
0.00825
0.00975
0.01125
0.01275
0.01425
0.01575
0.01725
0.01875
0.02025
0.02175
0.02325
0.02475
0.02625
0.02775
0.02925
0.03075
0.03225
0.03375
0.03525
0.03675
0.03825
0.03975
0.04125
0.04275
0.04425
0.04575
0.04725
0.04875
0.05025
0.05175
0.05325
0.05475
0.05625
0.05775
0.05925
0.06075
0.06225
0.06375
0.06525
0.06675
0.06825
0.06975
0.07125
0.07275
0.07425
0.07575
0.07725
0.07875
0.08025
0.08175
0.08325
0.08475
0.08625
0.08775
0.08925
0.09075
0.09225
0.09375
0.09525
0.09675
0.09825
0.09975
0.10125
0.10275
0.10425
0.10575
0.10725
0.10875
0.11025
0.11175
0.11325
0.11475
0.11625
0.11775
0.11925
0.00075
0.00225
0.00375
0.00525
0.00675
0.00825
0.00975
0.01125
0.01275
0.01425
0.01575
0.01725
0.01875
0.02025
0.02175
0.02325
0.02475
0.02625
0.02775
0.02925
0.03075
0.03225
0.03375
0.03525
0.03675
0.03825
0.03975
0.04125
0.04275
0.04425
0.04575
0.04725
0.04875
0.05025
0.05175
0.05325
0.05475
0.05625
0.05775
0.05925
0.06075
0.06225
0.06375
0.06525
0.06675
0.06825
0.06975
0.07125
0.07275
0.07425
0.07575
0.07725
0.07875
0.08025
0.08175
0.08325
0.08475
0.08625
0.08775
0.08925
0.09075
0.09225
0.09375
0.09525
0.09675
0.09825
0.09975
0.10125
0.10275
0.10425
0.10575
0.10725
0.10875
0.11025
0.11175
0.11325
0.11475
0.11625
0.11775
0.11925
0.00075
0.00225
0.00375
0.00525
0.00675
0.00825
0.00975
0.01125
0.01275
0.01425
0.01575
0.01725
0.01875
0.02025
0.02175
0.02325
0.02475
0.02625
0.02775
0.02925
0.03075
0.03225
0.03375
0.03525
0.03675
0.03825
0.03975
0.04125
0.04275
0.04425
0.04575
0.04725
0.04875
0.05025
0.05175
0.05325
0.05475
0.05625
0.05775
0.05925
0.06075
0.06225
0.06375
0.06525
0.06675
0.06825
0.06975
0.07125
0.07275
0.07425
0.07575
0.07725
0.07875
0.08025
0.08175
0.08325
0.08475
0.08625
0.08775
0.08925
0.09075
0.09225
0.09375
0.09525
0.09675
0.09825
0.09975
0.10125
0.10275
0.10425
0.10575
0.10725
0.10875
0.11025
0.11175
0.11325
0.11475
0.11625
0.11775
0.11925
0.00075
0.00225
0.00375
0.00525
0.00675
0.00825
0.00975
0.01125
0.01275
0.01425
0.01575
0.01725
0.01875
0.02025
0.02175
0.02325
0.02475
0.02625
0.02775
0.02925
0.03075
0.03225
0.03375
0.03525
0.03675
0.03825
0.03975
0.04125
0.04275
0.04425
0.04575
0.04725
0.04875
0.05025
0.05175
0.05325
0.05475
0.05625
0.05775
0.05925
0.06075
0.06225
0.06375
0.06525
0.06675
0.06825
0.06975
0.07125
0.07275
0.07425
0.07575
0.07725
0.07875
0.08025
0.08175
0.08325
0.08475
0.08625
0.08775
0.08925
0.09075
0.09225
0.09375
0.09525
0.09675
0.09825
0.09975
0.10125
0.10275
0.10425
0.10575
0.10725
0.10875
0.11025
0.11175
0.11325
0.11475
0.11625
0.11775
0.11925
0.00075
0.00225
0.00375
0.00525
0.00675
0.00825
0.00975
0.01125
0.01275
0.01425
0.01575
0.01725
0.01875
0.02025
0.02175
0.02325
0.02475
0.02625
0.02775
0.02925
0.03075
0.03225
0.03375
0.03525
0.03675
0.03825
0.03975
0.04125
0.04275
0.04425
0.04575
0.04725
0.04875
0.05025
0.05175
0.05325
0.05475
0.05625
0.05775
0.05925
0.06075
0.06225
0.06375
0.06525
0.06675
0.06825
0.06975
0.07125
0.07275
0.07425
0.07575
0.07725
0.07875
0.08025
0.08175
0.08325
0.08475
0.08625
0.08775
0.08925
0.09075
0.09225
0.09375
0.09525
0.09675
0.09825
0.09975
0.10125
0.10275
0.10425
0.10575
0.10725
0.10875
0.11025
0.11175
0.11325
0.11475
0.11625
0.11775
0.11925
0.00075
0.00225
0.00375
0.00525
0.00675
0.00825
0.00975
0.01125
0.01275
0.01425
0.01575
0.01725
0.01875
0.02025
0.02175
0.02325
0.02475
0.02625
0.02775
0.02925
0.03075
0.03225
0.03375
0.03525
0.03675
0.03825
0.03975
0.04125
0.04275
0.04425
0.04575
0.04725
0.04875
0.05025
0.05175
0.05325
0.05475
0.05625
0.05775
0.05925
0.06075
0.06225
0.06375
0.06525
0.06675
0.06825
0.06975
0.07125
0.07275
0.07425
0.07575
0.07725
0.07875
0.08025
0.08175
0.08325
0.08475
0.08625
0.08775
0.08925
0.09075
0.09225
0.09375
0.09525
0.09675
0.09825
0.09975
0.10125
0.10275
0.10425
0.10575
0.10725
0.10875
0.11025
0.11175
0.11325
0.11475
0.11625
0.11775
0.11925
0.00075
0.00225
0.00375
0.00525
0.00675
0.00825
0.00975
0.01125
0.01275
0.01425
0.01575
0.01725
0.01875
0.02025
0.02175
0.02325
0.02475
0.02625
0.02775
0.02925
0.03075
0.03225
0.03375
0.03525
0.03675
0.03825
0.03975
0.04125
0.04275
0.04425
0.04575
0.04725
0.04875
0.05025
0.05175
0.05325
0.05475
0.05625
0.05775
0.05925
0.06075
0.06225
0.06375
0.06525
0.06675
0.06825
0.06975
0.07125
0.07275
0.07425
0.07575
0.07725
0.07875
0.08025
0.08175
0.08325
0.08475
0.08625
0.08775
0.08925
0.09075
0.09225
0.09375
0.09525
0.09675
0.09825
0.09975
0.10125
0.10275
0.10425
0.10575
0.10725
0.10875
0.11025
0.11175
0.11325
0.11475
0.11625
0.11775
0.11925
0.00075
0.00225
0.00375
0.00525
0.00675
0.00825
0.00975
0.01125
0.01275
0.01425
0.01575
0.01725
0.01875
0.02025
0.02175
0.02325
0.02475
0.02625
0.02775
0.02925
0.03075
0.03225
0.03375
0.03525
0.03675
0.03825
0.03975
0.04125
0.04275
0.04425
0.04575
0.04725
0.04875
0.05025
0.05175
0.05325
0.05475
0.05625
0.05775
0.05925
0.06075
0.06225
0.06375
0.06525
0.06675
0.06825
0.06975
0.07125
0.07275
0.07425
0.07575
0.07725
0.07875
0.08025
0.08175
0.08325
0.08475
0.08625
0.08775
0.08925
0.09075
0.09225
0.09375
0.09525
0.09675
0.09825
0.09975
0.10125
0.10275
0.10425
0.10575
0.10725
0.10875
0.11025
0.11175
0.11325
0.11475
0.11625
0.11775
0.11925
0.00075
0.00225
0.00375
0.00525
0.00675
0.00825
0.00975
0.01125
0.01275
0.01425
0.01575
0.01725
0.01875
0.02025
0.02175
0.02325
0.02475
0.02625
0.02775
0.02925
0.03075
0.03225
0.03375
0.03525
0.03675
0.03825
0.03975
0.04125
0.04275
0.04425
0.04575
0.04725
0.04875
0.05025
0.05175
0.05325
0.05475
0.05625
0.05775
0.05925
0.06075
0.06225
0.06375
0.06525
0.06675
0.06825
0.06975
0.07125
0.07275
0.07425
0.07575
0.07725
0.07875
0.08025
0.08175
0.08325
0.08475
0.08625
0.08775
0.08925
0.09075
0.09225
0.09375
0.09525
0.09675
0.09825
0.09975
0.10125
0.10275
0.10425
0.10575
0.10725
0.10875
0.11025
0.11175
0.11325
0.11475
0.11625
0.11775
0.11925
0.00075
0.00225
0.00375
0.00525
0.00675
0.00825
0.00975
0.01125
0.01275
0.01425
0.01575
0.01725
0.01875
0.02025
0.02175
0.02325
0.02475
0.02625
0.02775
0.02925
0.03075
0.03225
0.03375
0.03525
0.03675
0.03825
0.03975
0.04125
0.04275
0.04425
0.04575
0.04725
0.04875
0.05025
0.05175
0.05325
0.05475
0.05625
0.05775
0.05925
0.06075
0.06225
0.06375
0.06525
0.06675
0.06825
0.06975
0.07125
0.07275
0.07425
0.07575
0.07725
0.07875
0.08025
0.08175
0.08325
0.08475
0.08625
0.08775
0.08925
0.09075
0.09225
0.09375
0.09525
0.09675
0.09825
0.09975
0.10125
0.10275
0.10425
0.10575
0.10725
0.10875
0.11025
0.11175
0.11325
0.11475
0.11625
0.11775
0.11925
0.00075
0.00225
0.00375
0.00525
0.00675
0.00825
0.00975
0.01125
0.01275
0.01425
0.01575
0.01725
0.01875
0.02025
0.02175
0.02325
0.02475
0.02625
0.02775
0.02925
0.03075
0.03225
0.03375
0.03525
0.03675
0.03825
0.03975
0.04125
0.04275
0.04425
0.04575
0.04725
0.04875
0.05025
0.05175
0.05325
0.05475
0.05625
0.05775
0.05925
0.06075
0.06225
0.06375
0.06525
0.06675
0.06825
0.06975
0.07125
0.07275
0.07425
0.07575
0.07725
0.07875
0.08025
0.08175
0.08325
0.08475
0.08625
0.08775
0.08925
0.09075
0.09225
0.09375
0.09525
0.09675
0.09825
0.09975
0.10125
0.10275
0.10425
0.10575
0.10725
0.10875
0.11025
0.11175
0.11325
0.11475
0.11625
0.11775
0.11925
0.00075
0.00225
0.00375
0.00525
0.00675
0.00825
0.00975
0.01125
0.01275
0.01425
0.01575
0.01725
0.01875
0.02025
0.02175
0.02325
0.02475
0.02625
0.02775
0.02925
0.03075
0.03225
0.03375
0.03525
0.03675
0.03825
0.03975
0.04125
0.04275
0.04425
0.04575
0.04725
0.04875
0.05025
0.05175
0.05325
0.05475
0.05625
0.05775
0.05925
0.06075
0.06225
0.06375
0.06525
0.06675
0.06825
0.06975
0.07125
0.07275
0.07425
0.07575
0.07725
0.07875
0.08025
0.08175
0.08325
0.08475
0.08625
0.08775
0.08925
0.09075
0.09225
0.09375
0.09525
0.09675
0.09825
0.09975
0.10125
0.10275
0.10425
0.10575
0.10725
0.10875
0.11025
0.11175
0.11325
0.11475
0.11625
0.11775
0.11925
0.00075
0.00225
0.00375
0.00525
0.00675
0.00825
0.00975
0.01125
0.01275
0.01425
0.01575
0.01725
0.01875
0.02025
0.02175
0.02325
0.02475
0.02625
0.02775
0.02925
0.03075
0.03225
0.03375
0.03525
0.03675
0.03825
0.03975
0.04125
0.04275
0.04425
0.04575
0.04725
0.04875
0.05025
0.05175
0.05325
0.05475
0.05625
0.05775
0.05925
0.06075
0.06225
0.06375
0.06525
0.06675
0.06825
0.06975
0.07125
0.07275
0.07425
0.07575
0.07725
0.07875
0.08025
0.08175
0.08325
0.08475
0.08625
0.08775
0.08925
0.09075
0.09225
0.09375
0.09525
0.09675
0.09825
0.09975
0.10125
0.10275
0.10425
0.10575
0.10725
0.10875
0.11025
0.11175
0.11325
0.11475
0.11625
0.11775
0.11925
0.00075
0.00225
0.00375
0.00525
0.00675
0.00825
0.00975
0.01125
0.01275
0.01425
0.01575
0.01725
0.01875
0.02025
0.02175
0.02325
0.02475
0.02625
0.02775
0.02925
0.03075
0.03225
0.03375
0.03525
0.03675
0.03825
0.03975
0.04125
0.04275
0.04425
0.04575
0.04725
0.04875
0.05025
0.05175
0.05325
0.05475
0.05625
0.05775
0.05925
0.06075
0.06225
0.06375
0.06525
0.06675
0.06825
0.06975
0.07125
0.07275
0.07425
0.07575
0.07725
0.07875
0.08025
0.08175
0.08325
0.08475
0.08625
0.08775
0.08925
0.09075
0.09225
0.09375
0.09525
0.09675
0.09825
0.09975
0.10125
0.10275
0.10425
0.10575
0.10725
0.10875
0.11025
0.11175
0.11325
0.11475
0.11625
0.11775
0.11925
0.00075
0.00225
0.00375
0.00525
0.00675
0.00825
0.00975
0.01125
0.01275
0.01425
0.01575
0.01725
0.01875
0.02025
0.02175
0.02325
0.02475
0.02625
0.02775
0.02925
0.03075
0.03225
0.03375
0.03525
0.03675
0.03825
0.03975
0.04125
0.04275
0.04425
0.04575
0.04725
0.04875
0.05025
0.05175
0.05325
0.05475
0.05625
0.05775
0.05925
0.06075
0.06225
0.06375
0.06525
0.06675
0.06825
0.06975
0.07125
0.07275
0.07425
0.07575
0.07725
0.07875
0.08025
0.08175
0.08325
0.08475
0.08625
0.08775
0.08925
0.09075
0.09225
0.09375
0.09525
0.09675
0.09825
0.09975
0.10125
0.10275
0.10425
0.10575
0.10725
0.10875
0.11025
0.11175
0.11325
0.11475
0.11625
0.11775
0.11925
0.00075
0.00225
0.00375
0.00525
0.00675
0.00825
0.00975
0.01125
0.01275
0.01425
0.01575
0.01725
0.01875
0.02025
0.02175
0.02325
0.02475
0.02625
0.02775
0.02925
0.03075
0.03225
0.03375
0.03525
0.03675
0.03825
0.03975
0.04125
0.04275
0.04425
0.04575
0.04725
0.04875
0.05025
0.05175
0.05325
0.05475
0.05625
0.05775
0.05925
0.06075
0.06225
0.06375
0.06525
0.06675
0.06825
0.06975
0.07125
0.07275
0.07425
0.07575
0.07725
0.07875
0.08025
0.08175
0.08325
0.08475
0.08625
0.08775
0.08925
0.09075
0.09225
0.09375
0.09525
0.09675
0.09825
0.09975
0.10125
0.10275
0.10425
0.10575
0.10725
0.10875
0.11025
0.11175
0.11325
0.11475
0.11625
0.11775
0.11925
0.00075
0.00225
0.00375
0.00525
0.00675
0.00825
0.00975
0.01125
0.01275
0.01425
0.01575
0.01725
0.01875
0.02025
0.02175
0.02325
0.02475
0.02625
0.02775
0.02925
0.03075
0.03225
0.03375
0.03525
0.03675
0.03825
0.03975
0.04125
0.04275
0.04425
0.04575
0.04725
0.04875
0.05025
0.05175
0.05325
0.05475
0.05625
0.05775
0.05925
0.06075
0.06225
0.06375
0.06525
0.06675
0.06825
0.06975
0.07125
0.07275
0.07425
0.07575
0.07725
0.07875
0.08025
0.08175
0.08325
0.08475
0.08625
0.08775
0.08925
0.09075
0.09225
0.09375
0.09525
0.09675
0.09825
0.09975
0.10125
0.10275
0.10425
0.10575
0.10725
0.10875
0.11025
0.11175
0.11325
0.11475
0.11625
0.11775
0.11925
0.00075
0.00225
0.00375
0.00525
0.00675
0.00825
0.00975
0.01125
0.01275
0.01425
0.01575
0.01725
0.01875
0.02025
0.02175
0.02325
0.02475
0.02625
0.02775
0.02925
0.03075
0.03225
0.03375
0.03525
0.03675
0.03825
0.03975
0.04125
0.04275
0.04425
0.04575
0.04725
0.04875
0.05025
0.05175
0.05325
0.05475
0.05625
0.05775
0.05925
0.06075
0.06225
0.06375
0.06525
0.06675
0.06825
0.06975
0.07125
0.07275
0.07425
0.07575
0.07725
0.07875
0.08025
0.08175
0.08325
0.08475
0.08625
0.08775
0.08925
0.09075
0.09225
0.09375
0.09525
0.09675
0.09825
0.09975
0.10125
0.10275
0.10425
0.10575
0.10725
0.10875
0.11025
0.11175
0.11325
0.11475
0.11625
0.11775
0.11925
0.00075
0.00225
0.00375
0.00525
0.00675
0.00825
0.00975
0.01125
0.01275
0.01425
0.01575
0.01725
0.01875
0.02025
0.02175
0.02325
0.02475
0.02625
0.02775
0.02925
0.03075
0.03225
0.03375
0.03525
0.03675
0.03825
0.03975
0.04125
0.04275
0.04425
0.04575
0.04725
0.04875
0.05025
0.05175
0.05325
0.05475
0.05625
0.05775
0.05925
0.06075
0.06225
0.06375
0.06525
0.06675
0.06825
0.06975
0.07125
0.07275
0.07425
0.07575
0.07725
0.07875
0.08025
0.08175
0.08325
0.08475
0.08625
0.08775
0.08925
0.09075
0.09225
0.09375
0.09525
0.09675
0.09825
0.09975
0.10125
0.10275
0.10425
0.10575
0.10725
0.10875
0.11025
0.11175
0.11325
0.11475
0.11625
0.11775
0.11925
0.00075
0.00225
0.00375
0.00525
0.00675
0.00825
0.00975
0.01125
0.01275
0.01425
0.01575
0.01725
0.01875
0.02025
0.02175
0.02325
0.02475
0.02625
0.02775
0.02925
0.03075
0.03225
0.03375
0.03525
0.03675
0.03825
0.03975
0.04125
0.04275
0.04425
0.04575
0.04725
0.04875
0.05025
0.05175
0.05325
0.05475
0.05625
0.05775
0.05925
0.06075
0.06225
0.06375
0.06525
0.06675
0.06825
0.06975
0.07125
0.07275
0.07425
0.07575
0.07725
0.07875
0.08025
0.08175
0.08325
0.08475
0.08625
0.08775
0.08925
0.09075
0.09225
0.09375
0.09525
0.09675
0.09825
0.09975
0.10125
0.10275
0.10425
0.10575
0.10725
0.10875
0.11025
0.11175
0.11325
0.11475
0.11625
0.11775
0.11925
0.00075
0.00225
0.00375
0.00525
0.00675
0.00825
0.00975
0.01125
0.01275
0.01425
0.01575
0.01725
0.01875
0.02025
0.02175
0.02325
0.02475
0.02625
0.02775
0.02925
0.03075
0.03225
0.03375
0.03525
0.03675
0.03825
0.03975
0.04125
0.04275
0.04425
0.04575
0.04725
0.04875
0.05025
0.05175
0.05325
0.05475
0.05625
0.05775
0.05925
0.06075
0.06225
0.06375
0.06525
0.06675
0.06825
0.06975
0.07125
0.07275
0.07425
0.07575
0.07725
0.07875
0.08025
0.08175
0.08325
0.08475
0.08625
0.08775
0.08925
0.09075
0.09225
0.09375
0.09525
0.09675
0.09825
0.09975
0.10125
0.10275
0.10425
0.10575
0.10725
0.10875
0.11025
0.11175
0.11325
0.11475
0.11625
0.11775
0.11925
0.00075
0.00225
0.00375
0.00525
0.00675
0.00825
0.00975
0.01125
0.01275
0.01425
0.01575
0.01725
0.01875
0.02025
0.02175
0.02325
0.02475
0.02625
0.02775
0.02925
0.03075
0.03225
0.03375
0.03525
0.03675
0.03825
0.03975
0.04125
0.04275
0.04425
0.04575
0.04725
0.04875
0.05025
0.05175
0.05325
0.05475
0.05625
0.05775
0.05925
0.06075
0.06225
0.06375
0.06525
0.06675
0.06825
0.06975
0.07125
0.07275
0.07425
0.07575
0.07725
0.07875
0.08025
0.08175
0.08325
0.08475
0.08625
0.08775
0.08925
0.09075
0.09225
0.09375
0.09525
0.09675
0.09825
0.09975
0.10125
0.10275
0.10425
0.10575
0.10725
0.10875
0.11025
0.11175
0.11325
0.11475
0.11625
0.11775
0.11925
)
;

boundaryField
{
    inlet
    {
        type            calculated;
        value           uniform 0;
    }
    outlet
    {
        type            calculated;
        value           nonuniform List<scalar> 8(0.12 0.12 0.12 0.12 0.12 0.12 0.12 0.12);
    }
    heatedSurface
    {
        type            calculated;
        value           nonuniform List<scalar> 
80
(
0.00075
0.00225
0.00375
0.00525
0.00675
0.00825
0.00975
0.01125
0.01275
0.01425
0.01575
0.01725
0.01875
0.02025
0.02175
0.02325
0.02475
0.02625
0.02775
0.02925
0.03075
0.03225
0.03375
0.03525
0.03675
0.03825
0.03975
0.04125
0.04275
0.04425
0.04575
0.04725
0.04875
0.05025
0.05175
0.05325
0.05475
0.05625
0.05775
0.05925
0.06075
0.06225
0.06375
0.06525
0.06675
0.06825
0.06975
0.07125
0.07275
0.07425
0.07575
0.07725
0.07875
0.08025
0.08175
0.08325
0.08475
0.08625
0.08775
0.08925
0.09075
0.09225
0.09375
0.09525
0.09675
0.09825
0.09975
0.10125
0.10275
0.10425
0.10575
0.10725
0.10875
0.11025
0.11175
0.11325
0.11475
0.11625
0.11775
0.11925
)
;
    }
    bottomWall
    {
        type            calculated;
        value           nonuniform List<scalar> 
80
(
0.00075
0.00225
0.00375
0.00525
0.00675
0.00825
0.00975
0.01125
0.01275
0.01425
0.01575
0.01725
0.01875
0.02025
0.02175
0.02325
0.02475
0.02625
0.02775
0.02925
0.03075
0.03225
0.03375
0.03525
0.03675
0.03825
0.03975
0.04125
0.04275
0.04425
0.04575
0.04725
0.04875
0.05025
0.05175
0.05325
0.05475
0.05625
0.05775
0.05925
0.06075
0.06225
0.06375
0.06525
0.06675
0.06825
0.06975
0.07125
0.07275
0.07425
0.07575
0.07725
0.07875
0.08025
0.08175
0.08325
0.08475
0.08625
0.08775
0.08925
0.09075
0.09225
0.09375
0.09525
0.09675
0.09825
0.09975
0.10125
0.10275
0.10425
0.10575
0.10725
0.10875
0.11025
0.11175
0.11325
0.11475
0.11625
0.11775
0.11925
)
;
    }
    endWalls
    {
        type            calculated;
        value           nonuniform List<scalar> 
32
(
0
0
0
0
0.12
0.12
0.12
0.12
0
0
0
0
0.12
0.12
0.12
0.12
0
0
0
0
0.12
0.12
0.12
0.12
0
0
0
0
0.12
0.12
0.12
0.12
)
;
    }
    frontAndBack
    {
        type            empty;
    }
}


// ************************************************************************* //
