/*--------------------------------*- C++ -*----------------------------------*\
| =========                 |                                                 |
| \\      /  F ield         | OpenFOAM: The Open Source CFD Toolbox           |
|  \\    /   O peration     | Version:  2512                                  |
|   \\  /    A nd           | Website:  www.openfoam.com                      |
|    \\/     M anipulation  |                                                 |
\*---------------------------------------------------------------------------*/
FoamFile
{
    version     2.0;
    format      ascii;
    arch        "LSB;label=32;scalar=64";
    class       volScalarField;
    location    "0";
    object      Cx;
}
// * * * * * * * * * * * * * * * * * * * * * * * * * * * * * * * * * * * * * //

dimensions      [0 1 0 0 0 0 0];

internalField   nonuniform List<scalar> 
1440
(
0.000833333333335
0.0025
0.00416666666666
0.00583333333333
0.0075
0.00916666666667
0.0108333333333
0.0125
0.0141666666667
0.0158333333334
0.0175
0.0191666666666
0.0208333333333
0.0225
0.0241666666667
0.0258333333334
0.0275
0.0291666666666
0.0308333333333
0.0325
0.0341666666667
0.0358333333334
0.0375
0.0391666666667
0.0408333333333
0.0425
0.0441666666667
0.0458333333333
0.0475
0.0491666666667
0.0508333333333
0.0525
0.0541666666667
0.0558333333333
0.0575
0.0591666666666
0.0608333333333
0.0625
0.0641666666666
0.0658333333333
0.0675
0.0691666666667
0.0708333333333
0.0725
0.0741666666667
0.0758333333333
0.0775
0.0791666666666
0.0808333333333
0.0825
0.0841666666667
0.0858333333333
0.0875
0.0891666666666
0.0908333333333
0.0925
0.0941666666666
0.0958333333334
0.0975
0.0991666666667
0.000833333333335
0.0025
0.00416666666666
0.00583333333333
0.0075
0.00916666666666
0.0108333333333
0.0125
0.0141666666667
0.0158333333333
0.0175
0.0191666666666
0.0208333333333
0.0225
0.0241666666667
0.0258333333333
0.0275
0.0291666666666
0.0308333333334
0.0325
0.0341666666667
0.0358333333334
0.0375
0.0391666666667
0.0408333333334
0.0425
0.0441666666667
0.0458333333333
0.0475
0.0491666666667
0.0508333333334
0.0525
0.0541666666667
0.0558333333334
0.0575
0.0591666666667
0.0608333333333
0.0625
0.0641666666666
0.0658333333334
0.0675
0.0691666666667
0.0708333333333
0.0725
0.0741666666667
0.0758333333333
0.0775
0.0791666666667
0.0808333333333
0.0825
0.0841666666666
0.0858333333334
0.0875
0.0891666666666
0.0908333333333
0.0925
0.0941666666667
0.0958333333334
0.0975
0.0991666666667
0.000833333333335
0.0025
0.00416666666667
0.00583333333333
0.0075
0.00916666666667
0.0108333333333
0.0125
0.0141666666666
0.0158333333333
0.0175
0.0191666666666
0.0208333333334
0.0225
0.0241666666667
0.0258333333334
0.0275
0.0291666666667
0.0308333333333
0.0325
0.0341666666667
0.0358333333334
0.0375
0.0391666666667
0.0408333333333
0.0425
0.0441666666667
0.0458333333334
0.0475
0.0491666666667
0.0508333333334
0.0525
0.0541666666667
0.0558333333334
0.0575
0.0591666666667
0.0608333333334
0.0625
0.0641666666667
0.0658333333334
0.0675
0.0691666666667
0.0708333333334
0.0725
0.0741666666666
0.0758333333334
0.0775
0.0791666666667
0.0808333333334
0.0825
0.0841666666667
0.0858333333334
0.0875
0.0891666666667
0.0908333333334
0.0925
0.0941666666667
0.0958333333334
0.0975
0.0991666666666
0.000833333333335
0.0025
0.00416666666666
0.00583333333333
0.0075
0.00916666666666
0.0108333333333
0.0125
0.0141666666666
0.0158333333334
0.0175
0.0191666666666
0.0208333333333
0.0225
0.0241666666667
0.0258333333334
0.0275
0.0291666666667
0.0308333333334
0.0325
0.0341666666666
0.0358333333334
0.0375
0.0391666666667
0.0408333333333
0.0425
0.0441666666667
0.0458333333333
0.0475
0.0491666666667
0.0508333333334
0.0525
0.0541666666667
0.0558333333334
0.0575
0.0591666666666
0.0608333333334
0.0625
0.0641666666667
0.0658333333333
0.0675
0.0691666666667
0.0708333333333
0.0725
0.0741666666666
0.0758333333334
0.0775
0.0791666666666
0.0808333333334
0.0825
0.0841666666667
0.0858333333334
0.0875
0.0891666666666
0.0908333333334
0.0925
0.0941666666667
0.0958333333334
0.0975
0.0991666666667
0.000833333333335
0.0025
0.00416666666666
0.00583333333334
0.0075
0.00916666666666
0.0108333333333
0.0125
0.0141666666667
0.0158333333334
0.0175
0.0191666666666
0.0208333333333
0.0225
0.0241666666666
0.0258333333333
0.0275
0.0291666666666
0.0308333333333
0.0325
0.0341666666666
0.0358333333334
0.0375
0.0391666666667
0.0408333333333
0.0425
0.0441666666666
0.0458333333334
0.0475
0.0491666666667
0.0508333333334
0.0525
0.0541666666667
0.0558333333334
0.0575
0.0591666666666
0.0608333333333
0.0625
0.0641666666666
0.0658333333333
0.0675
0.0691666666666
0.0708333333333
0.0725
0.0741666666666
0.0758333333333
0.0775
0.0791666666666
0.0808333333333
0.0825
0.0841666666667
0.0858333333333
0.0875
0.0891666666666
0.0908333333333
0.0925
0.0941666666666
0.0958333333333
0.0975
0.0991666666667
0.000833333333335
0.0025
0.00416666666666
0.00583333333333
0.0075
0.00916666666666
0.0108333333334
0.0125
0.0141666666666
0.0158333333333
0.0175
0.0191666666666
0.0208333333333
0.0225
0.0241666666666
0.0258333333334
0.0275
0.0291666666666
0.0308333333333
0.0325
0.0341666666667
0.0358333333334
0.0375
0.0391666666667
0.0408333333333
0.0425
0.0441666666666
0.0458333333334
0.0475
0.0491666666667
0.0508333333334
0.0525
0.0541666666667
0.0558333333334
0.0575
0.0591666666666
0.0608333333333
0.0625
0.0641666666666
0.0658333333333
0.0675
0.0691666666667
0.0708333333334
0.0725
0.0741666666666
0.0758333333333
0.0775
0.0791666666666
0.0808333333334
0.0825
0.0841666666666
0.0858333333334
0.0875
0.0891666666667
0.0908333333334
0.0925
0.0941666666667
0.0958333333333
0.0975
0.0991666666667
0.000833333333335
0.0025
0.00416666666667
0.00583333333333
0.0075
0.00916666666666
0.0108333333334
0.0125
0.0141666666666
0.0158333333334
0.0175
0.0191666666666
0.0208333333333
0.0225
0.0241666666667
0.0258333333334
0.0275
0.0291666666666
0.0308333333333
0.0325
0.0341666666667
0.0358333333333
0.0375
0.0391666666667
0.0408333333333
0.0425
0.0441666666666
0.0458333333334
0.0475
0.0491666666667
0.0508333333334
0.0525
0.0541666666666
0.0558333333333
0.0575
0.0591666666666
0.0608333333333
0.0625
0.0641666666666
0.0658333333333
0.0675
0.0691666666667
0.0708333333333
0.0725
0.0741666666667
0.0758333333333
0.0775
0.0791666666667
0.0808333333333
0.0825
0.0841666666666
0.0858333333334
0.0875
0.0891666666667
0.0908333333334
0.0925
0.0941666666667
0.0958333333334
0.0975
0.0991666666666
0.000833333333335
0.0025
0.00416666666666
0.00583333333333
0.0075
0.00916666666666
0.0108333333334
0.0125
0.0141666666666
0.0158333333334
0.0175
0.0191666666666
0.0208333333334
0.0225
0.0241666666667
0.0258333333334
0.0275
0.0291666666667
0.0308333333333
0.0325
0.0341666666666
0.0358333333334
0.0375
0.0391666666666
0.0408333333333
0.0425
0.0441666666666
0.0458333333333
0.0475
0.0491666666667
0.0508333333334
0.0525
0.0541666666667
0.0558333333333
0.0575
0.0591666666666
0.0608333333333
0.0625
0.0641666666666
0.0658333333333
0.0675
0.0691666666666
0.0708333333333
0.0725
0.0741666666666
0.0758333333333
0.0775
0.0791666666666
0.0808333333333
0.0825
0.0841666666666
0.0858333333333
0.0875
0.0891666666666
0.0908333333333
0.0925
0.0941666666667
0.0958333333334
0.0975
0.0991666666666
0.000833333333335
0.0025
0.00416666666667
0.00583333333334
0.0075
0.00916666666667
0.0108333333333
0.0125
0.0141666666667
0.0158333333333
0.0175
0.0191666666666
0.0208333333333
0.0225
0.0241666666667
0.0258333333334
0.0275
0.0291666666667
0.0308333333333
0.0325
0.0341666666666
0.0358333333334
0.0375
0.0391666666667
0.0408333333333
0.0425
0.0441666666667
0.0458333333334
0.0475
0.0491666666667
0.0508333333334
0.0525
0.0541666666667
0.0558333333333
0.0575
0.0591666666666
0.0608333333333
0.0625
0.0641666666666
0.0658333333333
0.0675
0.0691666666667
0.0708333333334
0.0725
0.0741666666667
0.0758333333333
0.0775
0.0791666666666
0.0808333333333
0.0825
0.0841666666667
0.0858333333334
0.0875
0.0891666666667
0.0908333333333
0.0925
0.0941666666667
0.0958333333334
0.0975
0.0991666666667
0.000833333333335
0.0025
0.00416666666666
0.00583333333333
0.0075
0.00916666666667
0.0108333333333
0.0125
0.0141666666666
0.0158333333333
0.0175
0.0191666666666
0.0208333333334
0.0225
0.0241666666667
0.0258333333334
0.0275
0.0291666666666
0.0308333333333
0.0325
0.0341666666667
0.0358333333334
0.0375
0.0391666666667
0.0408333333333
0.0425
0.0441666666666
0.0458333333334
0.0475
0.0491666666666
0.0508333333334
0.0525
0.0541666666666
0.0558333333333
0.0575
0.0591666666666
0.0608333333333
0.0625
0.0641666666666
0.0658333333334
0.0675
0.0691666666667
0.0708333333334
0.0725
0.0741666666667
0.0758333333333
0.0775
0.0791666666667
0.0808333333333
0.0825
0.0841666666666
0.0858333333334
0.0875
0.0891666666666
0.0908333333333
0.0925
0.0941666666667
0.0958333333334
0.0975
0.0991666666667
0.000833333333335
0.0025
0.00416666666666
0.00583333333334
0.0075
0.00916666666666
0.0108333333333
0.0125
0.0141666666667
0.0158333333334
0.0175
0.0191666666666
0.0208333333333
0.0225
0.0241666666666
0.0258333333333
0.0275
0.0291666666666
0.0308333333333
0.0325
0.0341666666666
0.0358333333334
0.0375
0.0391666666666
0.0408333333333
0.0425
0.0441666666666
0.0458333333334
0.0475
0.0491666666666
0.0508333333333
0.0525
0.0541666666666
0.0558333333333
0.0575
0.0591666666666
0.0608333333333
0.0625
0.0641666666666
0.0658333333333
0.0675
0.0691666666666
0.0708333333333
0.0725
0.0741666666666
0.0758333333333
0.0775
0.0791666666666
0.0808333333333
0.0825
0.0841666666666
0.0858333333334
0.0875
0.0891666666667
0.0908333333333
0.0925
0.0941666666666
0.0958333333334
0.0975
0.0991666666666
0.000833333333335
0.0025
0.00416666666667
0.00583333333333
0.0075
0.00916666666667
0.0108333333334
0.0125
0.0141666666666
0.0158333333333
0.0175
0.0191666666666
0.0208333333333
0.0225
0.0241666666667
0.0258333333333
0.0275
0.0291666666666
0.0308333333333
0.0325
0.0341666666666
0.0358333333333
0.0375
0.0391666666667
0.0408333333333
0.0425
0.0441666666666
0.0458333333333
0.0475
0.0491666666667
0.0508333333334
0.0525
0.0541666666667
0.0558333333334
0.0575
0.0591666666667
0.0608333333333
0.0625
0.0641666666666
0.0658333333333
0.0675
0.0691666666666
0.0708333333333
0.0725
0.0741666666667
0.0758333333333
0.0775
0.0791666666667
0.0808333333333
0.0825
0.0841666666667
0.0858333333333
0.0875
0.0891666666666
0.0908333333333
0.0925
0.0941666666666
0.0958333333333
0.0975
0.0991666666667
0.000833333333335
0.0025
0.00416666666666
0.00583333333333
0.0075
0.00916666666666
0.0108333333333
0.0125
0.0141666666667
0.0158333333334
0.0175
0.0191666666666
0.0208333333333
0.0225
0.0241666666667
0.0258333333334
0.0275
0.0291666666667
0.0308333333333
0.0325
0.0341666666667
0.0358333333334
0.0375
0.0391666666667
0.0408333333333
0.0425
0.0441666666666
0.0458333333334
0.0475
0.0491666666667
0.0508333333334
0.0525
0.0541666666667
0.0558333333333
0.0575
0.0591666666667
0.0608333333334
0.0625
0.0641666666666
0.0658333333334
0.0675
0.0691666666667
0.0708333333333
0.0725
0.0741666666666
0.0758333333333
0.0775
0.0791666666666
0.0808333333333
0.0825
0.0841666666666
0.0858333333333
0.0875
0.0891666666666
0.0908333333334
0.0925
0.0941666666667
0.0958333333334
0.0975
0.0991666666667
0.000833333333335
0.0025
0.00416666666667
0.00583333333333
0.0075
0.00916666666666
0.0108333333333
0.0125
0.0141666666667
0.0158333333333
0.0175
0.0191666666666
0.0208333333333
0.0225
0.0241666666666
0.0258333333333
0.0275
0.0291666666667
0.0308333333333
0.0325
0.0341666666666
0.0358333333333
0.0375
0.0391666666667
0.0408333333333
0.0425
0.0441666666666
0.0458333333333
0.0475
0.0491666666666
0.0508333333333
0.0525
0.0541666666666
0.0558333333333
0.0575
0.0591666666667
0.0608333333333
0.0625
0.0641666666667
0.0658333333333
0.0675
0.0691666666666
0.0708333333333
0.0725
0.0741666666667
0.0758333333333
0.0775
0.0791666666666
0.0808333333333
0.0825
0.0841666666667
0.0858333333334
0.0875
0.0891666666667
0.0908333333334
0.0925
0.0941666666666
0.0958333333333
0.0975
0.0991666666667
0.000833333333335
0.0025
0.00416666666666
0.00583333333334
0.0075
0.00916666666667
0.0108333333333
0.0125
0.0141666666667
0.0158333333333
0.0175
0.0191666666666
0.0208333333333
0.0225
0.0241666666667
0.0258333333334
0.0275
0.0291666666667
0.0308333333333
0.0325
0.0341666666666
0.0358333333334
0.0375
0.0391666666667
0.0408333333333
0.0425
0.0441666666667
0.0458333333333
0.0475
0.0491666666667
0.0508333333334
0.0525
0.0541666666666
0.0558333333333
0.0575
0.0591666666666
0.0608333333333
0.0625
0.0641666666666
0.0658333333333
0.0675
0.0691666666667
0.0708333333334
0.0725
0.0741666666666
0.0758333333333
0.0775
0.0791666666667
0.0808333333333
0.0825
0.0841666666667
0.0858333333333
0.0875
0.0891666666666
0.0908333333333
0.0925
0.0941666666667
0.0958333333334
0.0975
0.0991666666667
0.000833333333335
0.0025
0.00416666666666
0.00583333333333
0.0075
0.00916666666666
0.0108333333334
0.0125
0.0141666666666
0.0158333333333
0.0175
0.0191666666666
0.0208333333333
0.0225
0.0241666666666
0.0258333333333
0.0275
0.0291666666666
0.0308333333333
0.0325
0.0341666666666
0.0358333333333
0.0375
0.0391666666666
0.0408333333333
0.0425
0.0441666666666
0.0458333333333
0.0475
0.0491666666667
0.0508333333334
0.0525
0.0541666666666
0.0558333333333
0.0575
0.0591666666666
0.0608333333333
0.0625
0.0641666666666
0.0658333333334
0.0675
0.0691666666667
0.0708333333333
0.0725
0.0741666666666
0.0758333333333
0.0775
0.0791666666666
0.0808333333334
0.0825
0.0841666666667
0.0858333333333
0.0875
0.0891666666666
0.0908333333333
0.0925
0.0941666666666
0.0958333333333
0.0975
0.0991666666667
0.000833333333335
0.0025
0.00416666666667
0.00583333333333
0.0075
0.00916666666666
0.0108333333334
0.0125
0.0141666666667
0.0158333333333
0.0175
0.0191666666666
0.0208333333333
0.0225
0.0241666666666
0.0258333333334
0.0275
0.0291666666667
0.0308333333333
0.0325
0.0341666666666
0.0358333333333
0.0375
0.0391666666667
0.0408333333333
0.0425
0.0441666666666
0.0458333333334
0.0475
0.0491666666666
0.0508333333334
0.0525
0.0541666666666
0.0558333333333
0.0575
0.0591666666667
0.0608333333333
0.0625
0.0641666666667
0.0658333333334
0.0675
0.0691666666666
0.0708333333333
0.0725
0.0741666666667
0.0758333333334
0.0775
0.0791666666666
0.0808333333333
0.0825
0.0841666666667
0.0858333333334
0.0875
0.0891666666667
0.0908333333334
0.0925
0.0941666666667
0.0958333333334
0.0975
0.0991666666667
0.000833333333335
0.0025
0.00416666666666
0.00583333333334
0.0075
0.00916666666666
0.0108333333334
0.0125
0.0141666666667
0.0158333333334
0.0175
0.0191666666666
0.0208333333333
0.0225
0.0241666666667
0.0258333333334
0.0275
0.0291666666667
0.0308333333333
0.0325
0.0341666666667
0.0358333333334
0.0375
0.0391666666667
0.0408333333334
0.0425
0.0441666666666
0.0458333333334
0.0475
0.0491666666667
0.0508333333334
0.0525
0.0541666666667
0.0558333333333
0.0575
0.0591666666666
0.0608333333333
0.0625
0.0641666666667
0.0658333333334
0.0675
0.0691666666667
0.0708333333334
0.0725
0.0741666666667
0.0758333333334
0.0775
0.0791666666667
0.0808333333333
0.0825
0.0841666666667
0.0858333333334
0.0875
0.0891666666667
0.0908333333334
0.0925
0.0941666666666
0.0958333333334
0.0975
0.0991666666667
0.000833333333335
0.0025
0.00416666666667
0.00583333333333
0.0075
0.00916666666667
0.0108333333333
0.0125
0.0141666666666
0.0158333333334
0.0175
0.0191666666667
0.0208333333333
0.0225
0.0241666666667
0.0258333333334
0.0275
0.0291666666666
0.0308333333333
0.0325
0.0341666666666
0.0358333333334
0.0375
0.0391666666667
0.0408333333333
0.0425
0.0441666666667
0.0458333333333
0.0475
0.0491666666667
0.0508333333334
0.0525
0.0541666666666
0.0558333333334
0.0575
0.0591666666667
0.0608333333333
0.0625
0.0641666666666
0.0658333333333
0.0675
0.0691666666666
0.0708333333334
0.0725
0.0741666666666
0.0758333333333
0.0775
0.0791666666666
0.0808333333333
0.0825
0.0841666666666
0.0858333333333
0.0875
0.0891666666666
0.0908333333333
0.0925
0.0941666666667
0.0958333333334
0.0975
0.0991666666666
0.000833333333335
0.0025
0.00416666666667
0.00583333333333
0.0075
0.00916666666666
0.0108333333333
0.0125
0.0141666666667
0.0158333333333
0.0175
0.0191666666666
0.0208333333334
0.0225
0.0241666666666
0.0258333333334
0.0275
0.0291666666667
0.0308333333333
0.0325
0.0341666666666
0.0358333333333
0.0375
0.0391666666667
0.0408333333333
0.0425
0.0441666666666
0.0458333333333
0.0475
0.0491666666666
0.0508333333334
0.0525
0.0541666666666
0.0558333333333
0.0575
0.0591666666667
0.0608333333333
0.0625
0.0641666666666
0.0658333333334
0.0675
0.0691666666666
0.0708333333333
0.0725
0.0741666666666
0.0758333333333
0.0775
0.0791666666666
0.0808333333333
0.0825
0.0841666666667
0.0858333333334
0.0875
0.0891666666667
0.0908333333333
0.0925
0.0941666666667
0.0958333333334
0.0975
0.0991666666667
0.000833333333335
0.0025
0.00416666666666
0.00583333333334
0.0075
0.00916666666667
0.0108333333333
0.0125
0.0141666666666
0.0158333333334
0.0175
0.0191666666666
0.0208333333333
0.0225
0.0241666666667
0.0258333333334
0.0275
0.0291666666666
0.0308333333334
0.0325
0.0341666666666
0.0358333333334
0.0375
0.0391666666667
0.0408333333333
0.0425
0.0441666666666
0.0458333333334
0.0475
0.0491666666666
0.0508333333334
0.0525
0.0541666666666
0.0558333333333
0.0575
0.0591666666666
0.0608333333333
0.0625
0.0641666666666
0.0658333333333
0.0675
0.0691666666667
0.0708333333334
0.0725
0.0741666666666
0.0758333333334
0.0775
0.0791666666666
0.0808333333333
0.0825
0.0841666666667
0.0858333333333
0.0875
0.0891666666666
0.0908333333334
0.0925
0.0941666666667
0.0958333333334
0.0975
0.0991666666667
0.000833333333335
0.0025
0.00416666666666
0.00583333333333
0.0075
0.00916666666666
0.0108333333333
0.0125
0.0141666666666
0.0158333333334
0.0175
0.0191666666666
0.0208333333333
0.0225
0.0241666666667
0.0258333333334
0.0275
0.0291666666666
0.0308333333333
0.0325
0.0341666666667
0.0358333333333
0.0375
0.0391666666666
0.0408333333333
0.0425
0.0441666666667
0.0458333333333
0.0475
0.0491666666667
0.0508333333333
0.0525
0.0541666666667
0.0558333333333
0.0575
0.0591666666666
0.0608333333333
0.0625
0.0641666666666
0.0658333333333
0.0675
0.0691666666667
0.0708333333333
0.0725
0.0741666666666
0.0758333333333
0.0775
0.0791666666666
0.0808333333333
0.0825
0.0841666666667
0.0858333333334
0.0875
0.0891666666667
0.0908333333334
0.0925
0.0941666666667
0.0958333333334
0.0975
0.0991666666666
0.000833333333335
0.0025
0.00416666666667
0.00583333333333
0.0075
0.00916666666666
0.0108333333333
0.0125
0.0141666666667
0.0158333333333
0.0175
0.0191666666666
0.0208333333334
0.0225
0.0241666666666
0.0258333333334
0.0275
0.0291666666667
0.0308333333333
0.0325
0.0341666666666
0.0358333333333
0.0375
0.0391666666667
0.0408333333333
0.0425
0.0441666666666
0.0458333333333
0.0475
0.0491666666666
0.0508333333333
0.0525
0.0541666666666
0.0558333333333
0.0575
0.0591666666667
0.0608333333333
0.0625
0.0641666666667
0.0658333333333
0.0675
0.0691666666666
0.0708333333333
0.0725
0.0741666666667
0.0758333333333
0.0775
0.0791666666666
0.0808333333333
0.0825
0.0841666666667
0.0858333333334
0.0875
0.0891666666667
0.0908333333334
0.0925
0.0941666666667
0.0958333333334
0.0975
0.0991666666667
0.000833333333335
0.0025
0.00416666666667
0.00583333333334
0.0075
0.00916666666667
0.0108333333333
0.0125
0.0141666666667
0.0158333333334
0.0175
0.0191666666667
0.0208333333333
0.0225
0.0241666666667
0.0258333333334
0.0275
0.0291666666667
0.0308333333333
0.0325
0.0341666666666
0.0358333333333
0.0375
0.0391666666667
0.0408333333333
0.0425
0.0441666666667
0.0458333333334
0.0475
0.0491666666667
0.0508333333334
0.0525
0.0541666666667
0.0558333333333
0.0575
0.0591666666666
0.0608333333333
0.0625
0.0641666666667
0.0658333333333
0.0675
0.0691666666667
0.0708333333334
0.0725
0.0741666666666
0.0758333333333
0.0775
0.0791666666666
0.0808333333334
0.0825
0.0841666666667
0.0858333333334
0.0875
0.0891666666667
0.0908333333334
0.0925
0.0941666666667
0.0958333333334
0.0975
0.0991666666667
)
;

boundaryField
{
    inlet
    {
        type            calculated;
        value           uniform 0;
    }
    outlet
    {
        type            calculated;
        value           nonuniform List<scalar> 
24
(
0.1
0.1
0.1
0.1
0.1
0.1
0.1
0.1
0.1
0.1
0.1
0.1
0.1
0.1
0.1
0.1
0.1
0.1
0.1
0.1
0.1
0.1
0.1
0.1
)
;
    }
    bottomWall
    {
        type            calculated;
        value           nonuniform List<scalar> 
60
(
0.000833333333335
0.0025
0.00416666666667
0.00583333333333
0.0075
0.00916666666667
0.0108333333333
0.0125
0.0141666666667
0.0158333333333
0.0175
0.0191666666666
0.0208333333333
0.0225
0.0241666666667
0.0258333333333
0.0275
0.0291666666666
0.0308333333334
0.0325
0.0341666666666
0.0358333333334
0.0375
0.0391666666667
0.0408333333333
0.0425
0.0441666666666
0.0458333333334
0.0475
0.0491666666666
0.0508333333333
0.0525
0.0541666666666
0.0558333333333
0.0575
0.0591666666666
0.0608333333333
0.0625
0.0641666666666
0.0658333333333
0.0675
0.0691666666667
0.0708333333334
0.0725
0.0741666666667
0.0758333333333
0.0775
0.0791666666667
0.0808333333333
0.0825
0.0841666666667
0.0858333333334
0.0875
0.0891666666667
0.0908333333334
0.0925
0.0941666666666
0.0958333333334
0.0975
0.0991666666666
)
;
    }
    topWall
    {
        type            calculated;
        value           nonuniform List<scalar> 
60
(
0.000833333333335
0.0025
0.00416666666667
0.00583333333333
0.0075
0.00916666666667
0.0108333333333
0.0125
0.0141666666667
0.0158333333333
0.0175
0.0191666666666
0.0208333333333
0.0225
0.0241666666667
0.0258333333333
0.0275
0.0291666666666
0.0308333333333
0.0325
0.0341666666666
0.0358333333334
0.0375
0.0391666666667
0.0408333333333
0.0425
0.0441666666666
0.0458333333333
0.0475
0.0491666666666
0.0508333333334
0.0525
0.0541666666667
0.0558333333333
0.0575
0.0591666666666
0.0608333333333
0.0625
0.0641666666666
0.0658333333334
0.0675
0.0691666666667
0.0708333333334
0.0725
0.0741666666666
0.0758333333333
0.0775
0.0791666666666
0.0808333333333
0.0825
0.0841666666667
0.0858333333334
0.0875
0.0891666666667
0.0908333333334
0.0925
0.0941666666667
0.0958333333334
0.0975
0.0991666666666
)
;
    }
    frontAndBack
    {
        type            empty;
    }
}


// ************************************************************************* //
