/*--------------------------------*- C++ -*----------------------------------*\
| =========                 |                                                 |
| \\      /  F ield         | OpenFOAM: The Open Source CFD Toolbox           |
|  \\    /   O peration     | Version:  2512                                  |
|   \\  /    A nd           | Website:  www.openfoam.com                      |
|    \\/     M anipulation  |                                                 |
\*---------------------------------------------------------------------------*/
FoamFile
{
    version     2.0;
    format      ascii;
    arch        "LSB;label=32;scalar=64";
    class       volScalarField;
    location    "0";
    object      Cx;
}
// * * * * * * * * * * * * * * * * * * * * * * * * * * * * * * * * * * * * * //

dimensions      [0 1 0 0 0 0 0];

internalField   nonuniform List<scalar> 
5760
(
0.000416666666666
0.00125
0.00208333333333
0.00291666666666
0.00375
0.00458333333333
0.00541666666666
0.00625
0.00708333333334
0.00791666666666
0.00875
0.00958333333333
0.0104166666667
0.01125
0.0120833333334
0.0129166666667
0.01375
0.0145833333334
0.0154166666666
0.01625
0.0170833333334
0.0179166666667
0.01875
0.0195833333334
0.0204166666666
0.02125
0.0220833333334
0.0229166666667
0.02375
0.0245833333333
0.0254166666667
0.02625
0.0270833333333
0.0279166666666
0.02875
0.0295833333334
0.0304166666666
0.03125
0.0320833333333
0.0329166666667
0.03375
0.0345833333334
0.0354166666667
0.03625
0.0370833333334
0.0379166666667
0.03875
0.0395833333333
0.0404166666667
0.04125
0.0420833333334
0.0429166666667
0.04375
0.0445833333333
0.0454166666667
0.04625
0.0470833333334
0.0479166666667
0.04875
0.0495833333334
0.0504166666666
0.05125
0.0520833333333
0.0529166666667
0.05375
0.0545833333333
0.0554166666667
0.05625
0.0570833333334
0.0579166666667
0.05875
0.0595833333334
0.0604166666667
0.06125
0.0620833333334
0.0629166666666
0.06375
0.0645833333334
0.0654166666667
0.06625
0.0670833333333
0.0679166666666
0.06875
0.0695833333334
0.0704166666667
0.07125
0.0720833333334
0.0729166666666
0.07375
0.0745833333334
0.0754166666666
0.07625
0.0770833333333
0.0779166666666
0.07875
0.0795833333334
0.0804166666666
0.08125
0.0820833333333
0.0829166666667
0.08375
0.0845833333334
0.0854166666667
0.08625
0.0870833333333
0.0879166666667
0.08875
0.0895833333334
0.0904166666666
0.09125
0.0920833333333
0.0929166666667
0.09375
0.0945833333334
0.0954166666667
0.09625
0.0970833333333
0.0979166666666
0.09875
0.0995833333334
0.000416666666666
0.00125
0.00208333333333
0.00291666666666
0.00375
0.00458333333333
0.00541666666666
0.00625
0.00708333333333
0.00791666666667
0.00875
0.00958333333333
0.0104166666667
0.01125
0.0120833333334
0.0129166666666
0.01375
0.0145833333333
0.0154166666666
0.01625
0.0170833333334
0.0179166666667
0.01875
0.0195833333333
0.0204166666666
0.02125
0.0220833333334
0.0229166666667
0.02375
0.0245833333334
0.0254166666667
0.02625
0.0270833333333
0.0279166666667
0.02875
0.0295833333333
0.0304166666666
0.03125
0.0320833333333
0.0329166666666
0.03375
0.0345833333334
0.0354166666666
0.03625
0.0370833333334
0.0379166666666
0.03875
0.0395833333333
0.0404166666666
0.04125
0.0420833333333
0.0429166666666
0.04375
0.0445833333334
0.0454166666667
0.04625
0.0470833333333
0.0479166666666
0.04875
0.0495833333333
0.0504166666666
0.05125
0.0520833333333
0.0529166666666
0.05375
0.0545833333334
0.0554166666666
0.05625
0.0570833333333
0.0579166666666
0.05875
0.0595833333333
0.0604166666667
0.06125
0.0620833333333
0.0629166666666
0.06375
0.0645833333333
0.0654166666666
0.06625
0.0670833333334
0.0679166666666
0.06875
0.0695833333334
0.0704166666666
0.07125
0.0720833333333
0.0729166666666
0.07375
0.0745833333333
0.0754166666667
0.07625
0.0770833333334
0.0779166666666
0.07875
0.0795833333333
0.0804166666666
0.08125
0.0820833333333
0.0829166666666
0.08375
0.0845833333333
0.0854166666666
0.08625
0.0870833333333
0.0879166666666
0.08875
0.0895833333333
0.0904166666666
0.09125
0.0920833333334
0.0929166666666
0.09375
0.0945833333334
0.0954166666666
0.09625
0.0970833333333
0.0979166666666
0.09875
0.0995833333333
0.000416666666666
0.00125
0.00208333333333
0.00291666666667
0.00375
0.00458333333333
0.00541666666667
0.00625
0.00708333333333
0.00791666666667
0.00875
0.00958333333333
0.0104166666666
0.01125
0.0120833333334
0.0129166666666
0.01375
0.0145833333333
0.0154166666667
0.01625
0.0170833333334
0.0179166666667
0.01875
0.0195833333333
0.0204166666666
0.02125
0.0220833333334
0.0229166666666
0.02375
0.0245833333333
0.0254166666667
0.02625
0.0270833333333
0.0279166666667
0.02875
0.0295833333334
0.0304166666666
0.03125
0.0320833333333
0.0329166666667
0.03375
0.0345833333334
0.0354166666667
0.03625
0.0370833333334
0.0379166666666
0.03875
0.0395833333333
0.0404166666667
0.04125
0.0420833333333
0.0429166666666
0.04375
0.0445833333333
0.0454166666667
0.04625
0.0470833333333
0.0479166666667
0.04875
0.0495833333334
0.0504166666667
0.05125
0.0520833333333
0.0529166666666
0.05375
0.0545833333334
0.0554166666667
0.05625
0.0570833333334
0.0579166666667
0.05875
0.0595833333333
0.0604166666667
0.06125
0.0620833333334
0.0629166666667
0.06375
0.0645833333333
0.0654166666666
0.06625
0.0670833333333
0.0679166666666
0.06875
0.0695833333334
0.0704166666667
0.07125
0.0720833333333
0.0729166666666
0.07375
0.0745833333333
0.0754166666667
0.07625
0.0770833333333
0.0779166666666
0.07875
0.0795833333333
0.0804166666666
0.08125
0.0820833333333
0.0829166666667
0.08375
0.0845833333333
0.0854166666667
0.08625
0.0870833333333
0.0879166666666
0.08875
0.0895833333333
0.0904166666666
0.09125
0.0920833333333
0.0929166666666
0.09375
0.0945833333333
0.0954166666666
0.09625
0.0970833333334
0.0979166666666
0.09875
0.0995833333333
0.000416666666666
0.00125
0.00208333333333
0.00291666666666
0.00375
0.00458333333334
0.00541666666667
0.00625
0.00708333333334
0.00791666666667
0.00875
0.00958333333333
0.0104166666666
0.01125
0.0120833333334
0.0129166666666
0.01375
0.0145833333333
0.0154166666666
0.01625
0.0170833333334
0.0179166666667
0.01875
0.0195833333333
0.0204166666666
0.02125
0.0220833333334
0.0229166666667
0.02375
0.0245833333333
0.0254166666667
0.02625
0.0270833333333
0.0279166666666
0.02875
0.0295833333333
0.0304166666666
0.03125
0.0320833333333
0.0329166666666
0.03375
0.0345833333334
0.0354166666666
0.03625
0.0370833333334
0.0379166666667
0.03875
0.0395833333333
0.0404166666666
0.04125
0.0420833333333
0.0429166666666
0.04375
0.0445833333333
0.0454166666667
0.04625
0.0470833333333
0.0479166666666
0.04875
0.0495833333334
0.0504166666667
0.05125
0.0520833333333
0.0529166666666
0.05375
0.0545833333333
0.0554166666666
0.05625
0.0570833333334
0.0579166666666
0.05875
0.0595833333333
0.0604166666667
0.06125
0.0620833333333
0.0629166666667
0.06375
0.0645833333333
0.0654166666666
0.06625
0.0670833333333
0.0679166666666
0.06875
0.0695833333334
0.0704166666666
0.07125
0.0720833333333
0.0729166666666
0.07375
0.0745833333333
0.0754166666666
0.07625
0.0770833333333
0.0779166666667
0.07875
0.0795833333333
0.0804166666667
0.08125
0.0820833333333
0.0829166666666
0.08375
0.0845833333333
0.0854166666667
0.08625
0.0870833333333
0.0879166666666
0.08875
0.0895833333333
0.0904166666666
0.09125
0.0920833333334
0.0929166666666
0.09375
0.0945833333334
0.0954166666666
0.09625
0.0970833333333
0.0979166666666
0.09875
0.0995833333334
0.000416666666666
0.00125
0.00208333333333
0.00291666666666
0.00375
0.00458333333334
0.00541666666666
0.00625
0.00708333333334
0.00791666666667
0.00875
0.00958333333333
0.0104166666667
0.01125
0.0120833333333
0.0129166666666
0.01375
0.0145833333333
0.0154166666666
0.01625
0.0170833333334
0.0179166666666
0.01875
0.0195833333334
0.0204166666666
0.02125
0.0220833333334
0.0229166666667
0.02375
0.0245833333334
0.0254166666667
0.02625
0.0270833333334
0.0279166666666
0.02875
0.0295833333333
0.0304166666667
0.03125
0.0320833333333
0.0329166666666
0.03375
0.0345833333334
0.0354166666666
0.03625
0.0370833333333
0.0379166666667
0.03875
0.0395833333333
0.0404166666667
0.04125
0.0420833333334
0.0429166666666
0.04375
0.0445833333333
0.0454166666667
0.04625
0.0470833333334
0.0479166666666
0.04875
0.0495833333334
0.0504166666667
0.05125
0.0520833333333
0.0529166666667
0.05375
0.0545833333333
0.0554166666667
0.05625
0.0570833333334
0.0579166666667
0.05875
0.0595833333334
0.0604166666666
0.06125
0.0620833333334
0.0629166666666
0.06375
0.0645833333334
0.0654166666666
0.06625
0.0670833333333
0.0679166666666
0.06875
0.0695833333334
0.0704166666667
0.07125
0.0720833333333
0.0729166666667
0.07375
0.0745833333333
0.0754166666667
0.07625
0.0770833333333
0.0779166666666
0.07875
0.0795833333333
0.0804166666666
0.08125
0.0820833333333
0.0829166666666
0.08375
0.0845833333333
0.0854166666666
0.08625
0.0870833333333
0.0879166666667
0.08875
0.0895833333333
0.0904166666667
0.09125
0.0920833333334
0.0929166666667
0.09375
0.0945833333334
0.0954166666667
0.09625
0.0970833333334
0.0979166666666
0.09875
0.0995833333334
0.000416666666666
0.00125
0.00208333333333
0.00291666666667
0.00375
0.00458333333334
0.00541666666667
0.00625
0.00708333333334
0.00791666666667
0.00875
0.00958333333333
0.0104166666666
0.01125
0.0120833333333
0.0129166666666
0.01375
0.0145833333333
0.0154166666666
0.01625
0.0170833333333
0.0179166666666
0.01875
0.0195833333333
0.0204166666666
0.02125
0.0220833333333
0.0229166666667
0.02375
0.0245833333333
0.0254166666667
0.02625
0.0270833333334
0.0279166666666
0.02875
0.0295833333334
0.0304166666666
0.03125
0.0320833333333
0.0329166666667
0.03375
0.0345833333334
0.0354166666667
0.03625
0.0370833333333
0.0379166666667
0.03875
0.0395833333333
0.0404166666666
0.04125
0.0420833333334
0.0429166666666
0.04375
0.0445833333333
0.0454166666666
0.04625
0.0470833333334
0.0479166666666
0.04875
0.0495833333334
0.0504166666667
0.05125
0.0520833333333
0.0529166666667
0.05375
0.0545833333334
0.0554166666666
0.05625
0.0570833333333
0.0579166666666
0.05875
0.0595833333333
0.0604166666666
0.06125
0.0620833333333
0.0629166666666
0.06375
0.0645833333334
0.0654166666666
0.06625
0.0670833333333
0.0679166666666
0.06875
0.0695833333333
0.0704166666666
0.07125
0.0720833333333
0.0729166666667
0.07375
0.0745833333333
0.0754166666666
0.07625
0.0770833333333
0.0779166666666
0.07875
0.0795833333333
0.0804166666667
0.08125
0.0820833333333
0.0829166666666
0.08375
0.0845833333333
0.0854166666667
0.08625
0.0870833333333
0.0879166666666
0.08875
0.0895833333333
0.0904166666666
0.09125
0.0920833333334
0.0929166666666
0.09375
0.0945833333334
0.0954166666666
0.09625
0.0970833333333
0.0979166666666
0.09875
0.0995833333333
0.000416666666666
0.00125
0.00208333333333
0.00291666666667
0.00375
0.00458333333334
0.00541666666667
0.00625
0.00708333333334
0.00791666666667
0.00875
0.00958333333333
0.0104166666666
0.01125
0.0120833333334
0.0129166666666
0.01375
0.0145833333333
0.0154166666666
0.01625
0.0170833333334
0.0179166666666
0.01875
0.0195833333333
0.0204166666666
0.02125
0.0220833333334
0.0229166666667
0.02375
0.0245833333333
0.0254166666667
0.02625
0.0270833333333
0.0279166666666
0.02875
0.0295833333333
0.0304166666666
0.03125
0.0320833333333
0.0329166666666
0.03375
0.0345833333334
0.0354166666666
0.03625
0.0370833333333
0.0379166666667
0.03875
0.0395833333333
0.0404166666666
0.04125
0.0420833333333
0.0429166666666
0.04375
0.0445833333333
0.0454166666667
0.04625
0.0470833333333
0.0479166666666
0.04875
0.0495833333334
0.0504166666666
0.05125
0.0520833333333
0.0529166666666
0.05375
0.0545833333333
0.0554166666666
0.05625
0.0570833333333
0.0579166666666
0.05875
0.0595833333333
0.0604166666666
0.06125
0.0620833333333
0.0629166666667
0.06375
0.0645833333333
0.0654166666666
0.06625
0.0670833333333
0.0679166666666
0.06875
0.0695833333333
0.0704166666667
0.07125
0.0720833333333
0.0729166666667
0.07375
0.0745833333333
0.0754166666666
0.07625
0.0770833333334
0.0779166666666
0.07875
0.0795833333333
0.0804166666666
0.08125
0.0820833333333
0.0829166666667
0.08375
0.0845833333333
0.0854166666667
0.08625
0.0870833333333
0.0879166666666
0.08875
0.0895833333333
0.0904166666666
0.09125
0.0920833333334
0.0929166666666
0.09375
0.0945833333334
0.0954166666666
0.09625
0.0970833333333
0.0979166666666
0.09875
0.0995833333333
0.000416666666666
0.00125
0.00208333333333
0.00291666666667
0.00375
0.00458333333334
0.00541666666666
0.00625
0.00708333333334
0.00791666666667
0.00875
0.00958333333333
0.0104166666666
0.01125
0.0120833333334
0.0129166666667
0.01375
0.0145833333334
0.0154166666666
0.01625
0.0170833333334
0.0179166666667
0.01875
0.0195833333333
0.0204166666666
0.02125
0.0220833333333
0.0229166666667
0.02375
0.0245833333334
0.0254166666667
0.02625
0.0270833333333
0.0279166666667
0.02875
0.0295833333334
0.0304166666667
0.03125
0.0320833333334
0.0329166666666
0.03375
0.0345833333334
0.0354166666666
0.03625
0.0370833333333
0.0379166666666
0.03875
0.0395833333333
0.0404166666667
0.04125
0.0420833333334
0.0429166666666
0.04375
0.0445833333334
0.0454166666667
0.04625
0.0470833333333
0.0479166666667
0.04875
0.0495833333334
0.0504166666667
0.05125
0.0520833333333
0.0529166666666
0.05375
0.0545833333333
0.0554166666666
0.05625
0.0570833333334
0.0579166666667
0.05875
0.0595833333333
0.0604166666667
0.06125
0.0620833333333
0.0629166666667
0.06375
0.0645833333333
0.0654166666667
0.06625
0.0670833333333
0.0679166666666
0.06875
0.0695833333334
0.0704166666667
0.07125
0.0720833333333
0.0729166666666
0.07375
0.0745833333334
0.0754166666667
0.07625
0.0770833333334
0.0779166666666
0.07875
0.0795833333333
0.0804166666666
0.08125
0.0820833333334
0.0829166666666
0.08375
0.0845833333333
0.0854166666666
0.08625
0.0870833333333
0.0879166666666
0.08875
0.0895833333334
0.0904166666667
0.09125
0.0920833333334
0.0929166666666
0.09375
0.0945833333334
0.0954166666667
0.09625
0.0970833333333
0.0979166666666
0.09875
0.0995833333334
0.000416666666666
0.00125
0.00208333333333
0.00291666666667
0.00375
0.00458333333334
0.00541666666666
0.00625
0.00708333333334
0.00791666666667
0.00875
0.00958333333333
0.0104166666666
0.01125
0.0120833333334
0.0129166666666
0.01375
0.0145833333334
0.0154166666666
0.01625
0.0170833333334
0.0179166666666
0.01875
0.0195833333333
0.0204166666666
0.02125
0.0220833333333
0.0229166666666
0.02375
0.0245833333333
0.0254166666667
0.02625
0.0270833333333
0.0279166666666
0.02875
0.0295833333333
0.0304166666666
0.03125
0.0320833333333
0.0329166666666
0.03375
0.0345833333334
0.0354166666667
0.03625
0.0370833333333
0.0379166666667
0.03875
0.0395833333333
0.0404166666666
0.04125
0.0420833333334
0.0429166666667
0.04375
0.0445833333333
0.0454166666666
0.04625
0.0470833333333
0.0479166666666
0.04875
0.0495833333334
0.0504166666666
0.05125
0.0520833333333
0.0529166666667
0.05375
0.0545833333334
0.0554166666666
0.05625
0.0570833333334
0.0579166666666
0.05875
0.0595833333333
0.0604166666667
0.06125
0.0620833333333
0.0629166666666
0.06375
0.0645833333333
0.0654166666667
0.06625
0.0670833333333
0.0679166666666
0.06875
0.0695833333334
0.0704166666666
0.07125
0.0720833333333
0.0729166666667
0.07375
0.0745833333333
0.0754166666667
0.07625
0.0770833333334
0.0779166666667
0.07875
0.0795833333333
0.0804166666667
0.08125
0.0820833333333
0.0829166666666
0.08375
0.0845833333333
0.0854166666667
0.08625
0.0870833333333
0.0879166666667
0.08875
0.0895833333333
0.0904166666667
0.09125
0.0920833333334
0.0929166666666
0.09375
0.0945833333334
0.0954166666667
0.09625
0.0970833333333
0.0979166666666
0.09875
0.0995833333334
0.000416666666666
0.00125
0.00208333333333
0.00291666666667
0.00375
0.00458333333334
0.00541666666667
0.00625
0.00708333333333
0.00791666666667
0.00875
0.00958333333333
0.0104166666666
0.01125
0.0120833333334
0.0129166666666
0.01375
0.0145833333333
0.0154166666666
0.01625
0.0170833333334
0.0179166666666
0.01875
0.0195833333333
0.0204166666666
0.02125
0.0220833333333
0.0229166666666
0.02375
0.0245833333333
0.0254166666667
0.02625
0.0270833333333
0.0279166666666
0.02875
0.0295833333333
0.0304166666666
0.03125
0.0320833333333
0.0329166666667
0.03375
0.0345833333334
0.0354166666666
0.03625
0.0370833333333
0.0379166666667
0.03875
0.0395833333333
0.0404166666666
0.04125
0.0420833333333
0.0429166666666
0.04375
0.0445833333333
0.0454166666666
0.04625
0.0470833333333
0.0479166666667
0.04875
0.0495833333334
0.0504166666666
0.05125
0.0520833333333
0.0529166666666
0.05375
0.0545833333334
0.0554166666666
0.05625
0.0570833333333
0.0579166666666
0.05875
0.0595833333333
0.0604166666666
0.06125
0.0620833333333
0.0629166666666
0.06375
0.0645833333333
0.0654166666666
0.06625
0.0670833333333
0.0679166666666
0.06875
0.0695833333333
0.0704166666666
0.07125
0.0720833333333
0.0729166666666
0.07375
0.0745833333333
0.0754166666666
0.07625
0.0770833333333
0.0779166666666
0.07875
0.0795833333333
0.0804166666667
0.08125
0.0820833333333
0.0829166666666
0.08375
0.0845833333333
0.0854166666667
0.08625
0.0870833333333
0.0879166666666
0.08875
0.0895833333334
0.0904166666666
0.09125
0.0920833333333
0.0929166666666
0.09375
0.0945833333333
0.0954166666666
0.09625
0.0970833333333
0.0979166666666
0.09875
0.0995833333333
0.000416666666666
0.00125
0.00208333333334
0.00291666666667
0.00375
0.00458333333334
0.00541666666667
0.00625
0.00708333333334
0.00791666666667
0.00875
0.00958333333333
0.0104166666666
0.01125
0.0120833333333
0.0129166666666
0.01375
0.0145833333333
0.0154166666666
0.01625
0.0170833333334
0.0179166666667
0.01875
0.0195833333333
0.0204166666666
0.02125
0.0220833333334
0.0229166666666
0.02375
0.0245833333334
0.0254166666667
0.02625
0.0270833333333
0.0279166666667
0.02875
0.0295833333334
0.0304166666667
0.03125
0.0320833333333
0.0329166666666
0.03375
0.0345833333334
0.0354166666666
0.03625
0.0370833333333
0.0379166666666
0.03875
0.0395833333333
0.0404166666666
0.04125
0.0420833333333
0.0429166666666
0.04375
0.0445833333334
0.0454166666667
0.04625
0.0470833333333
0.0479166666666
0.04875
0.0495833333334
0.0504166666666
0.05125
0.0520833333334
0.0529166666666
0.05375
0.0545833333333
0.0554166666667
0.05625
0.0570833333334
0.0579166666667
0.05875
0.0595833333334
0.0604166666666
0.06125
0.0620833333333
0.0629166666667
0.06375
0.0645833333333
0.0654166666666
0.06625
0.0670833333333
0.0679166666666
0.06875
0.0695833333334
0.0704166666667
0.07125
0.0720833333333
0.0729166666666
0.07375
0.0745833333333
0.0754166666666
0.07625
0.0770833333334
0.0779166666667
0.07875
0.0795833333333
0.0804166666666
0.08125
0.0820833333333
0.0829166666666
0.08375
0.0845833333333
0.0854166666666
0.08625
0.0870833333333
0.0879166666666
0.08875
0.0895833333334
0.0904166666666
0.09125
0.0920833333333
0.0929166666666
0.09375
0.0945833333333
0.0954166666666
0.09625
0.0970833333333
0.0979166666666
0.09875
0.0995833333333
0.000416666666666
0.00125
0.00208333333333
0.00291666666667
0.00375
0.00458333333334
0.00541666666666
0.00625
0.00708333333334
0.00791666666667
0.00875
0.00958333333333
0.0104166666667
0.01125
0.0120833333334
0.0129166666666
0.01375
0.0145833333333
0.0154166666666
0.01625
0.0170833333334
0.0179166666666
0.01875
0.0195833333333
0.0204166666666
0.02125
0.0220833333334
0.0229166666667
0.02375
0.0245833333333
0.0254166666667
0.02625
0.0270833333334
0.0279166666666
0.02875
0.0295833333333
0.0304166666666
0.03125
0.0320833333333
0.0329166666666
0.03375
0.0345833333334
0.0354166666666
0.03625
0.0370833333334
0.0379166666667
0.03875
0.0395833333333
0.0404166666666
0.04125
0.0420833333334
0.0429166666666
0.04375
0.0445833333333
0.0454166666666
0.04625
0.0470833333333
0.0479166666666
0.04875
0.0495833333334
0.0504166666666
0.05125
0.0520833333333
0.0529166666666
0.05375
0.0545833333333
0.0554166666666
0.05625
0.0570833333334
0.0579166666666
0.05875
0.0595833333333
0.0604166666666
0.06125
0.0620833333333
0.0629166666667
0.06375
0.0645833333333
0.0654166666666
0.06625
0.0670833333333
0.0679166666666
0.06875
0.0695833333333
0.0704166666667
0.07125
0.0720833333333
0.0729166666666
0.07375
0.0745833333334
0.0754166666666
0.07625
0.0770833333333
0.0779166666666
0.07875
0.0795833333333
0.0804166666666
0.08125
0.0820833333333
0.0829166666666
0.08375
0.0845833333333
0.0854166666667
0.08625
0.0870833333333
0.0879166666666
0.08875
0.0895833333334
0.0904166666666
0.09125
0.0920833333333
0.0929166666666
0.09375
0.0945833333334
0.0954166666666
0.09625
0.0970833333333
0.0979166666666
0.09875
0.0995833333333
0.000416666666666
0.00125
0.00208333333333
0.00291666666666
0.00375
0.00458333333334
0.00541666666667
0.00625
0.00708333333334
0.00791666666667
0.00875
0.00958333333333
0.0104166666667
0.01125
0.0120833333334
0.0129166666666
0.01375
0.0145833333333
0.0154166666666
0.01625
0.0170833333334
0.0179166666666
0.01875
0.0195833333334
0.0204166666666
0.02125
0.0220833333334
0.0229166666667
0.02375
0.0245833333333
0.0254166666667
0.02625
0.0270833333334
0.0279166666666
0.02875
0.0295833333333
0.0304166666666
0.03125
0.0320833333333
0.0329166666667
0.03375
0.0345833333334
0.0354166666667
0.03625
0.0370833333334
0.0379166666667
0.03875
0.0395833333333
0.0404166666666
0.04125
0.0420833333334
0.0429166666666
0.04375
0.0445833333334
0.0454166666666
0.04625
0.0470833333334
0.0479166666666
0.04875
0.0495833333334
0.0504166666666
0.05125
0.0520833333333
0.0529166666666
0.05375
0.0545833333334
0.0554166666666
0.05625
0.0570833333334
0.0579166666667
0.05875
0.0595833333334
0.0604166666666
0.06125
0.0620833333333
0.0629166666667
0.06375
0.0645833333333
0.0654166666666
0.06625
0.0670833333333
0.0679166666666
0.06875
0.0695833333334
0.0704166666667
0.07125
0.0720833333333
0.0729166666666
0.07375
0.0745833333333
0.0754166666667
0.07625
0.0770833333334
0.0779166666667
0.07875
0.0795833333333
0.0804166666666
0.08125
0.0820833333333
0.0829166666666
0.08375
0.0845833333334
0.0854166666667
0.08625
0.0870833333334
0.0879166666666
0.08875
0.0895833333334
0.0904166666666
0.09125
0.0920833333334
0.0929166666666
0.09375
0.0945833333334
0.0954166666666
0.09625
0.0970833333333
0.0979166666666
0.09875
0.0995833333333
0.000416666666667
0.00125
0.00208333333334
0.00291666666666
0.00375
0.00458333333334
0.00541666666666
0.00625
0.00708333333334
0.00791666666667
0.00875
0.00958333333333
0.0104166666666
0.01125
0.0120833333334
0.0129166666667
0.01375
0.0145833333333
0.0154166666666
0.01625
0.0170833333334
0.0179166666667
0.01875
0.0195833333334
0.0204166666666
0.02125
0.0220833333334
0.0229166666667
0.02375
0.0245833333333
0.0254166666667
0.02625
0.0270833333334
0.0279166666667
0.02875
0.0295833333333
0.0304166666667
0.03125
0.0320833333333
0.0329166666666
0.03375
0.0345833333334
0.0354166666667
0.03625
0.0370833333333
0.0379166666666
0.03875
0.0395833333333
0.0404166666666
0.04125
0.0420833333333
0.0429166666666
0.04375
0.0445833333334
0.0454166666667
0.04625
0.0470833333334
0.0479166666666
0.04875
0.0495833333333
0.0504166666666
0.05125
0.0520833333334
0.0529166666666
0.05375
0.0545833333334
0.0554166666667
0.05625
0.0570833333334
0.0579166666667
0.05875
0.0595833333334
0.0604166666666
0.06125
0.0620833333334
0.0629166666667
0.06375
0.0645833333333
0.0654166666667
0.06625
0.0670833333333
0.0679166666666
0.06875
0.0695833333333
0.0704166666667
0.07125
0.0720833333333
0.0729166666666
0.07375
0.0745833333333
0.0754166666666
0.07625
0.0770833333333
0.0779166666666
0.07875
0.0795833333333
0.0804166666666
0.08125
0.0820833333333
0.0829166666666
0.08375
0.0845833333333
0.0854166666667
0.08625
0.0870833333333
0.0879166666666
0.08875
0.0895833333334
0.0904166666666
0.09125
0.0920833333333
0.0929166666666
0.09375
0.0945833333333
0.0954166666666
0.09625
0.0970833333333
0.0979166666666
0.09875
0.0995833333333
0.000416666666666
0.00125
0.00208333333333
0.00291666666666
0.00375
0.00458333333334
0.00541666666666
0.00625
0.00708333333334
0.00791666666667
0.00875
0.00958333333333
0.0104166666667
0.01125
0.0120833333334
0.0129166666666
0.01375
0.0145833333334
0.0154166666666
0.01625
0.0170833333334
0.0179166666666
0.01875
0.0195833333333
0.0204166666666
0.02125
0.0220833333333
0.0229166666666
0.02375
0.0245833333333
0.0254166666667
0.02625
0.0270833333333
0.0279166666666
0.02875
0.0295833333333
0.0304166666666
0.03125
0.0320833333333
0.0329166666666
0.03375
0.0345833333334
0.0354166666666
0.03625
0.0370833333333
0.0379166666667
0.03875
0.0395833333333
0.0404166666666
0.04125
0.0420833333333
0.0429166666666
0.04375
0.0445833333333
0.0454166666666
0.04625
0.0470833333333
0.0479166666666
0.04875
0.0495833333334
0.0504166666666
0.05125
0.0520833333333
0.0529166666666
0.05375
0.0545833333333
0.0554166666666
0.05625
0.0570833333333
0.0579166666666
0.05875
0.0595833333333
0.0604166666666
0.06125
0.0620833333333
0.0629166666666
0.06375
0.0645833333333
0.0654166666666
0.06625
0.0670833333333
0.0679166666666
0.06875
0.0695833333333
0.0704166666666
0.07125
0.0720833333333
0.0729166666666
0.07375
0.0745833333333
0.0754166666666
0.07625
0.0770833333333
0.0779166666666
0.07875
0.0795833333333
0.0804166666666
0.08125
0.0820833333333
0.0829166666666
0.08375
0.0845833333333
0.0854166666667
0.08625
0.0870833333333
0.0879166666666
0.08875
0.0895833333333
0.0904166666666
0.09125
0.0920833333333
0.0929166666666
0.09375
0.0945833333333
0.0954166666666
0.09625
0.0970833333333
0.0979166666666
0.09875
0.0995833333333
0.000416666666666
0.00125
0.00208333333333
0.00291666666667
0.00375
0.00458333333334
0.00541666666666
0.00625
0.00708333333334
0.00791666666667
0.00875
0.00958333333333
0.0104166666667
0.01125
0.0120833333334
0.0129166666666
0.01375
0.0145833333333
0.0154166666666
0.01625
0.0170833333334
0.0179166666666
0.01875
0.0195833333333
0.0204166666666
0.02125
0.0220833333334
0.0229166666667
0.02375
0.0245833333333
0.0254166666667
0.02625
0.0270833333334
0.0279166666667
0.02875
0.0295833333333
0.0304166666666
0.03125
0.0320833333333
0.0329166666666
0.03375
0.0345833333334
0.0354166666666
0.03625
0.0370833333333
0.0379166666667
0.03875
0.0395833333333
0.0404166666666
0.04125
0.0420833333334
0.0429166666666
0.04375
0.0445833333333
0.0454166666667
0.04625
0.0470833333333
0.0479166666666
0.04875
0.0495833333334
0.0504166666666
0.05125
0.0520833333333
0.0529166666667
0.05375
0.0545833333333
0.0554166666666
0.05625
0.0570833333333
0.0579166666666
0.05875
0.0595833333333
0.0604166666667
0.06125
0.0620833333333
0.0629166666666
0.06375
0.0645833333333
0.0654166666666
0.06625
0.0670833333333
0.0679166666666
0.06875
0.0695833333334
0.0704166666667
0.07125
0.0720833333333
0.0729166666667
0.07375
0.0745833333334
0.0754166666666
0.07625
0.0770833333334
0.0779166666666
0.07875
0.0795833333333
0.0804166666666
0.08125
0.0820833333333
0.0829166666666
0.08375
0.0845833333333
0.0854166666667
0.08625
0.0870833333334
0.0879166666666
0.08875
0.0895833333334
0.0904166666666
0.09125
0.0920833333334
0.0929166666666
0.09375
0.0945833333334
0.0954166666666
0.09625
0.0970833333333
0.0979166666666
0.09875
0.0995833333334
0.000416666666666
0.00125
0.00208333333333
0.00291666666667
0.00375
0.00458333333333
0.00541666666667
0.00625
0.00708333333334
0.00791666666667
0.00875
0.00958333333334
0.0104166666666
0.01125
0.0120833333333
0.0129166666666
0.01375
0.0145833333333
0.0154166666666
0.01625
0.0170833333334
0.0179166666667
0.01875
0.0195833333333
0.0204166666666
0.02125
0.0220833333334
0.0229166666666
0.02375
0.0245833333333
0.0254166666667
0.02625
0.0270833333334
0.0279166666666
0.02875
0.0295833333333
0.0304166666667
0.03125
0.0320833333333
0.0329166666666
0.03375
0.0345833333334
0.0354166666667
0.03625
0.0370833333334
0.0379166666666
0.03875
0.0395833333333
0.0404166666667
0.04125
0.0420833333334
0.0429166666667
0.04375
0.0445833333334
0.0454166666666
0.04625
0.0470833333333
0.0479166666667
0.04875
0.0495833333334
0.0504166666667
0.05125
0.0520833333334
0.0529166666667
0.05375
0.0545833333333
0.0554166666667
0.05625
0.0570833333334
0.0579166666666
0.05875
0.0595833333333
0.0604166666666
0.06125
0.0620833333333
0.0629166666667
0.06375
0.0645833333333
0.0654166666666
0.06625
0.0670833333333
0.0679166666666
0.06875
0.0695833333334
0.0704166666667
0.07125
0.0720833333333
0.0729166666666
0.07375
0.0745833333334
0.0754166666667
0.07625
0.0770833333333
0.0779166666666
0.07875
0.0795833333333
0.0804166666666
0.08125
0.0820833333333
0.0829166666667
0.08375
0.0845833333333
0.0854166666666
0.08625
0.0870833333333
0.0879166666666
0.08875
0.0895833333334
0.0904166666666
0.09125
0.0920833333333
0.0929166666666
0.09375
0.0945833333334
0.0954166666666
0.09625
0.0970833333333
0.0979166666666
0.09875
0.0995833333333
0.000416666666666
0.00125
0.00208333333333
0.00291666666666
0.00375
0.00458333333334
0.00541666666667
0.00625
0.00708333333334
0.00791666666667
0.00875
0.00958333333333
0.0104166666666
0.01125
0.0120833333334
0.0129166666666
0.01375
0.0145833333333
0.0154166666666
0.01625
0.0170833333334
0.0179166666666
0.01875
0.0195833333333
0.0204166666666
0.02125
0.0220833333334
0.0229166666667
0.02375
0.0245833333333
0.0254166666667
0.02625
0.0270833333334
0.0279166666666
0.02875
0.0295833333333
0.0304166666666
0.03125
0.0320833333333
0.0329166666666
0.03375
0.0345833333334
0.0354166666666
0.03625
0.0370833333333
0.0379166666667
0.03875
0.0395833333333
0.0404166666666
0.04125
0.0420833333334
0.0429166666666
0.04375
0.0445833333333
0.0454166666667
0.04625
0.0470833333333
0.0479166666667
0.04875
0.0495833333334
0.0504166666666
0.05125
0.0520833333333
0.0529166666667
0.05375
0.0545833333333
0.0554166666666
0.05625
0.0570833333333
0.0579166666666
0.05875
0.0595833333333
0.0604166666667
0.06125
0.0620833333333
0.0629166666666
0.06375
0.0645833333333
0.0654166666666
0.06625
0.0670833333333
0.0679166666666
0.06875
0.0695833333334
0.0704166666667
0.07125
0.0720833333333
0.0729166666667
0.07375
0.0745833333333
0.0754166666666
0.07625
0.0770833333334
0.0779166666666
0.07875
0.0795833333333
0.0804166666666
0.08125
0.0820833333333
0.0829166666666
0.08375
0.0845833333333
0.0854166666667
0.08625
0.0870833333334
0.0879166666666
0.08875
0.0895833333334
0.0904166666666
0.09125
0.0920833333334
0.0929166666666
0.09375
0.0945833333334
0.0954166666666
0.09625
0.0970833333333
0.0979166666666
0.09875
0.0995833333334
0.000416666666666
0.00125
0.00208333333333
0.00291666666667
0.00375
0.00458333333334
0.00541666666667
0.00625
0.00708333333334
0.00791666666667
0.00875
0.00958333333333
0.0104166666666
0.01125
0.0120833333333
0.0129166666666
0.01375
0.0145833333333
0.0154166666666
0.01625
0.0170833333334
0.0179166666666
0.01875
0.0195833333333
0.0204166666666
0.02125
0.0220833333333
0.0229166666666
0.02375
0.0245833333333
0.0254166666667
0.02625
0.0270833333333
0.0279166666666
0.02875
0.0295833333333
0.0304166666666
0.03125
0.0320833333333
0.0329166666667
0.03375
0.0345833333334
0.0354166666667
0.03625
0.0370833333333
0.0379166666667
0.03875
0.0395833333333
0.0404166666666
0.04125
0.0420833333334
0.0429166666666
0.04375
0.0445833333333
0.0454166666667
0.04625
0.0470833333333
0.0479166666666
0.04875
0.0495833333334
0.0504166666666
0.05125
0.0520833333333
0.0529166666667
0.05375
0.0545833333334
0.0554166666666
0.05625
0.0570833333334
0.0579166666666
0.05875
0.0595833333333
0.0604166666667
0.06125
0.0620833333333
0.0629166666666
0.06375
0.0645833333333
0.0654166666666
0.06625
0.0670833333333
0.0679166666666
0.06875
0.0695833333334
0.0704166666667
0.07125
0.0720833333333
0.0729166666667
0.07375
0.0745833333334
0.0754166666667
0.07625
0.0770833333334
0.0779166666666
0.07875
0.0795833333333
0.0804166666666
0.08125
0.0820833333333
0.0829166666667
0.08375
0.0845833333334
0.0854166666667
0.08625
0.0870833333334
0.0879166666666
0.08875
0.0895833333334
0.0904166666667
0.09125
0.0920833333334
0.0929166666667
0.09375
0.0945833333334
0.0954166666667
0.09625
0.0970833333333
0.0979166666666
0.09875
0.0995833333334
0.000416666666666
0.00125
0.00208333333333
0.00291666666667
0.00375
0.00458333333333
0.00541666666666
0.00625
0.00708333333334
0.00791666666666
0.00875
0.00958333333334
0.0104166666666
0.01125
0.0120833333334
0.0129166666666
0.01375
0.0145833333334
0.0154166666666
0.01625
0.0170833333334
0.0179166666667
0.01875
0.0195833333333
0.0204166666666
0.02125
0.0220833333334
0.0229166666666
0.02375
0.0245833333334
0.0254166666667
0.02625
0.0270833333333
0.0279166666667
0.02875
0.0295833333333
0.0304166666666
0.03125
0.0320833333333
0.0329166666666
0.03375
0.0345833333334
0.0354166666666
0.03625
0.0370833333333
0.0379166666666
0.03875
0.0395833333333
0.0404166666666
0.04125
0.0420833333334
0.0429166666666
0.04375
0.0445833333333
0.0454166666667
0.04625
0.0470833333333
0.0479166666666
0.04875
0.0495833333334
0.0504166666666
0.05125
0.0520833333334
0.0529166666667
0.05375
0.0545833333334
0.0554166666666
0.05625
0.0570833333333
0.0579166666666
0.05875
0.0595833333333
0.0604166666666
0.06125
0.0620833333333
0.0629166666666
0.06375
0.0645833333333
0.0654166666666
0.06625
0.0670833333334
0.0679166666666
0.06875
0.0695833333334
0.0704166666667
0.07125
0.0720833333333
0.0729166666666
0.07375
0.0745833333333
0.0754166666667
0.07625
0.0770833333333
0.0779166666666
0.07875
0.0795833333333
0.0804166666666
0.08125
0.0820833333333
0.0829166666667
0.08375
0.0845833333333
0.0854166666667
0.08625
0.0870833333333
0.0879166666666
0.08875
0.0895833333334
0.0904166666666
0.09125
0.0920833333334
0.0929166666666
0.09375
0.0945833333333
0.0954166666666
0.09625
0.0970833333333
0.0979166666667
0.09875
0.0995833333333
0.000416666666666
0.00125
0.00208333333333
0.00291666666666
0.00375
0.00458333333334
0.00541666666667
0.00625
0.00708333333334
0.00791666666667
0.00875
0.00958333333333
0.0104166666666
0.01125
0.0120833333334
0.0129166666666
0.01375
0.0145833333333
0.0154166666666
0.01625
0.0170833333334
0.0179166666666
0.01875
0.0195833333333
0.0204166666666
0.02125
0.0220833333333
0.0229166666666
0.02375
0.0245833333333
0.0254166666667
0.02625
0.0270833333333
0.0279166666666
0.02875
0.0295833333333
0.0304166666666
0.03125
0.0320833333333
0.0329166666666
0.03375
0.0345833333334
0.0354166666666
0.03625
0.0370833333333
0.0379166666667
0.03875
0.0395833333333
0.0404166666666
0.04125
0.0420833333333
0.0429166666666
0.04375
0.0445833333333
0.0454166666666
0.04625
0.0470833333333
0.0479166666666
0.04875
0.0495833333334
0.0504166666666
0.05125
0.0520833333333
0.0529166666666
0.05375
0.0545833333333
0.0554166666666
0.05625
0.0570833333334
0.0579166666666
0.05875
0.0595833333333
0.0604166666666
0.06125
0.0620833333333
0.0629166666666
0.06375
0.0645833333334
0.0654166666666
0.06625
0.0670833333334
0.0679166666666
0.06875
0.0695833333334
0.0704166666666
0.07125
0.0720833333333
0.0729166666667
0.07375
0.0745833333334
0.0754166666666
0.07625
0.0770833333333
0.0779166666666
0.07875
0.0795833333333
0.0804166666667
0.08125
0.0820833333333
0.0829166666666
0.08375
0.0845833333333
0.0854166666667
0.08625
0.0870833333333
0.0879166666666
0.08875
0.0895833333333
0.0904166666666
0.09125
0.0920833333333
0.0929166666666
0.09375
0.0945833333333
0.0954166666666
0.09625
0.0970833333333
0.0979166666666
0.09875
0.0995833333334
0.000416666666666
0.00125
0.00208333333333
0.00291666666667
0.00375
0.00458333333334
0.00541666666667
0.00625
0.00708333333334
0.00791666666667
0.00875
0.00958333333333
0.0104166666666
0.01125
0.0120833333333
0.0129166666666
0.01375
0.0145833333333
0.0154166666666
0.01625
0.0170833333333
0.0179166666666
0.01875
0.0195833333333
0.0204166666666
0.02125
0.0220833333333
0.0229166666666
0.02375
0.0245833333333
0.0254166666667
0.02625
0.0270833333333
0.0279166666666
0.02875
0.0295833333333
0.0304166666666
0.03125
0.0320833333333
0.0329166666666
0.03375
0.0345833333334
0.0354166666666
0.03625
0.0370833333333
0.0379166666667
0.03875
0.0395833333333
0.0404166666666
0.04125
0.0420833333333
0.0429166666666
0.04375
0.0445833333333
0.0454166666666
0.04625
0.0470833333333
0.0479166666666
0.04875
0.0495833333334
0.0504166666666
0.05125
0.0520833333333
0.0529166666666
0.05375
0.0545833333333
0.0554166666666
0.05625
0.0570833333333
0.0579166666666
0.05875
0.0595833333333
0.0604166666666
0.06125
0.0620833333333
0.0629166666666
0.06375
0.0645833333333
0.0654166666666
0.06625
0.0670833333333
0.0679166666666
0.06875
0.0695833333333
0.0704166666666
0.07125
0.0720833333333
0.0729166666667
0.07375
0.0745833333333
0.0754166666666
0.07625
0.0770833333333
0.0779166666666
0.07875
0.0795833333333
0.0804166666667
0.08125
0.0820833333333
0.0829166666666
0.08375
0.0845833333333
0.0854166666667
0.08625
0.0870833333333
0.0879166666666
0.08875
0.0895833333333
0.0904166666666
0.09125
0.0920833333334
0.0929166666666
0.09375
0.0945833333333
0.0954166666666
0.09625
0.0970833333333
0.0979166666666
0.09875
0.0995833333333
0.000416666666666
0.00125
0.00208333333334
0.00291666666667
0.00375
0.00458333333333
0.00541666666666
0.00625
0.00708333333334
0.00791666666667
0.00875
0.00958333333333
0.0104166666666
0.01125
0.0120833333334
0.0129166666667
0.01375
0.0145833333333
0.0154166666666
0.01625
0.0170833333333
0.0179166666667
0.01875
0.0195833333334
0.0204166666666
0.02125
0.0220833333333
0.0229166666667
0.02375
0.0245833333333
0.0254166666666
0.02625
0.0270833333334
0.0279166666667
0.02875
0.0295833333334
0.0304166666667
0.03125
0.0320833333333
0.0329166666666
0.03375
0.0345833333334
0.0354166666667
0.03625
0.0370833333333
0.0379166666666
0.03875
0.0395833333333
0.0404166666666
0.04125
0.0420833333333
0.0429166666667
0.04375
0.0445833333334
0.0454166666666
0.04625
0.0470833333334
0.0479166666667
0.04875
0.0495833333333
0.0504166666667
0.05125
0.0520833333333
0.0529166666667
0.05375
0.0545833333334
0.0554166666667
0.05625
0.0570833333333
0.0579166666666
0.05875
0.0595833333333
0.0604166666667
0.06125
0.0620833333333
0.0629166666666
0.06375
0.0645833333333
0.0654166666667
0.06625
0.0670833333333
0.0679166666666
0.06875
0.0695833333333
0.0704166666667
0.07125
0.0720833333333
0.0729166666666
0.07375
0.0745833333334
0.0754166666666
0.07625
0.0770833333334
0.0779166666666
0.07875
0.0795833333333
0.0804166666666
0.08125
0.0820833333333
0.0829166666666
0.08375
0.0845833333333
0.0854166666667
0.08625
0.0870833333333
0.0879166666666
0.08875
0.0895833333334
0.0904166666666
0.09125
0.0920833333333
0.0929166666666
0.09375
0.0945833333334
0.0954166666666
0.09625
0.0970833333333
0.0979166666666
0.09875
0.0995833333333
0.000416666666666
0.00125
0.00208333333333
0.00291666666667
0.00375
0.00458333333334
0.00541666666667
0.00625
0.00708333333334
0.00791666666667
0.00875
0.00958333333333
0.0104166666666
0.01125
0.0120833333334
0.0129166666666
0.01375
0.0145833333333
0.0154166666666
0.01625
0.0170833333334
0.0179166666666
0.01875
0.0195833333333
0.0204166666666
0.02125
0.0220833333333
0.0229166666666
0.02375
0.0245833333333
0.0254166666667
0.02625
0.0270833333333
0.0279166666666
0.02875
0.0295833333333
0.0304166666666
0.03125
0.0320833333333
0.0329166666667
0.03375
0.0345833333334
0.0354166666666
0.03625
0.0370833333333
0.0379166666667
0.03875
0.0395833333333
0.0404166666666
0.04125
0.0420833333333
0.0429166666666
0.04375
0.0445833333333
0.0454166666666
0.04625
0.0470833333333
0.0479166666666
0.04875
0.0495833333334
0.0504166666666
0.05125
0.0520833333333
0.0529166666666
0.05375
0.0545833333333
0.0554166666666
0.05625
0.0570833333334
0.0579166666666
0.05875
0.0595833333333
0.0604166666666
0.06125
0.0620833333333
0.0629166666666
0.06375
0.0645833333334
0.0654166666666
0.06625
0.0670833333334
0.0679166666666
0.06875
0.0695833333334
0.0704166666666
0.07125
0.0720833333333
0.0729166666667
0.07375
0.0745833333334
0.0754166666666
0.07625
0.0770833333333
0.0779166666666
0.07875
0.0795833333333
0.0804166666667
0.08125
0.0820833333333
0.0829166666666
0.08375
0.0845833333333
0.0854166666667
0.08625
0.0870833333333
0.0879166666666
0.08875
0.0895833333333
0.0904166666666
0.09125
0.0920833333334
0.0929166666666
0.09375
0.0945833333334
0.0954166666666
0.09625
0.0970833333333
0.0979166666666
0.09875
0.0995833333334
0.000416666666666
0.00125
0.00208333333333
0.00291666666667
0.00375
0.00458333333333
0.00541666666666
0.00625
0.00708333333334
0.00791666666667
0.00875
0.00958333333334
0.0104166666666
0.01125
0.0120833333333
0.0129166666666
0.01375
0.0145833333333
0.0154166666666
0.01625
0.0170833333333
0.0179166666667
0.01875
0.0195833333334
0.0204166666666
0.02125
0.0220833333334
0.0229166666667
0.02375
0.0245833333333
0.0254166666667
0.02625
0.0270833333333
0.0279166666667
0.02875
0.0295833333333
0.0304166666666
0.03125
0.0320833333333
0.0329166666666
0.03375
0.0345833333334
0.0354166666667
0.03625
0.0370833333334
0.0379166666667
0.03875
0.0395833333333
0.0404166666666
0.04125
0.0420833333334
0.0429166666667
0.04375
0.0445833333334
0.0454166666667
0.04625
0.0470833333333
0.0479166666667
0.04875
0.0495833333334
0.0504166666666
0.05125
0.0520833333333
0.0529166666666
0.05375
0.0545833333334
0.0554166666666
0.05625
0.0570833333334
0.0579166666666
0.05875
0.0595833333333
0.0604166666666
0.06125
0.0620833333333
0.0629166666666
0.06375
0.0645833333333
0.0654166666667
0.06625
0.0670833333334
0.0679166666666
0.06875
0.0695833333334
0.0704166666667
0.07125
0.0720833333334
0.0729166666666
0.07375
0.0745833333334
0.0754166666667
0.07625
0.0770833333333
0.0779166666666
0.07875
0.0795833333333
0.0804166666666
0.08125
0.0820833333333
0.0829166666666
0.08375
0.0845833333333
0.0854166666667
0.08625
0.0870833333333
0.0879166666666
0.08875
0.0895833333334
0.0904166666667
0.09125
0.0920833333334
0.0929166666667
0.09375
0.0945833333333
0.0954166666666
0.09625
0.0970833333334
0.0979166666666
0.09875
0.0995833333334
0.000416666666666
0.00125
0.00208333333334
0.00291666666667
0.00375
0.00458333333334
0.00541666666666
0.00625
0.00708333333334
0.00791666666667
0.00875
0.00958333333334
0.0104166666666
0.01125
0.0120833333333
0.0129166666666
0.01375
0.0145833333333
0.0154166666667
0.01625
0.0170833333333
0.0179166666667
0.01875
0.0195833333333
0.0204166666666
0.02125
0.0220833333333
0.0229166666666
0.02375
0.0245833333333
0.0254166666667
0.02625
0.0270833333333
0.0279166666666
0.02875
0.0295833333333
0.0304166666666
0.03125
0.0320833333333
0.0329166666667
0.03375
0.0345833333334
0.0354166666666
0.03625
0.0370833333333
0.0379166666667
0.03875
0.0395833333333
0.0404166666666
0.04125
0.0420833333333
0.0429166666666
0.04375
0.0445833333333
0.0454166666667
0.04625
0.0470833333334
0.0479166666667
0.04875
0.0495833333333
0.0504166666667
0.05125
0.0520833333333
0.0529166666666
0.05375
0.0545833333333
0.0554166666666
0.05625
0.0570833333333
0.0579166666666
0.05875
0.0595833333333
0.0604166666666
0.06125
0.0620833333333
0.0629166666667
0.06375
0.0645833333333
0.0654166666667
0.06625
0.0670833333333
0.0679166666666
0.06875
0.0695833333333
0.0704166666667
0.07125
0.0720833333333
0.0729166666667
0.07375
0.0745833333334
0.0754166666666
0.07625
0.0770833333333
0.0779166666666
0.07875
0.0795833333333
0.0804166666666
0.08125
0.0820833333334
0.0829166666666
0.08375
0.0845833333334
0.0854166666667
0.08625
0.0870833333333
0.0879166666666
0.08875
0.0895833333333
0.0904166666667
0.09125
0.0920833333333
0.0929166666667
0.09375
0.0945833333334
0.0954166666666
0.09625
0.0970833333333
0.0979166666666
0.09875
0.0995833333334
0.000416666666666
0.00125
0.00208333333333
0.00291666666667
0.00375
0.00458333333334
0.00541666666666
0.00625
0.00708333333334
0.00791666666667
0.00875
0.00958333333333
0.0104166666666
0.01125
0.0120833333334
0.0129166666667
0.01375
0.0145833333333
0.0154166666666
0.01625
0.0170833333334
0.0179166666667
0.01875
0.0195833333333
0.0204166666667
0.02125
0.0220833333333
0.0229166666667
0.02375
0.0245833333334
0.0254166666666
0.02625
0.0270833333333
0.0279166666667
0.02875
0.0295833333333
0.0304166666666
0.03125
0.0320833333333
0.0329166666666
0.03375
0.0345833333333
0.0354166666666
0.03625
0.0370833333333
0.0379166666667
0.03875
0.0395833333333
0.0404166666666
0.04125
0.0420833333334
0.0429166666666
0.04375
0.0445833333334
0.0454166666667
0.04625
0.0470833333333
0.0479166666666
0.04875
0.0495833333333
0.0504166666666
0.05125
0.0520833333333
0.0529166666666
0.05375
0.0545833333333
0.0554166666666
0.05625
0.0570833333334
0.0579166666666
0.05875
0.0595833333333
0.0604166666666
0.06125
0.0620833333333
0.0629166666666
0.06375
0.0645833333333
0.0654166666666
0.06625
0.0670833333333
0.0679166666667
0.06875
0.0695833333334
0.0704166666667
0.07125
0.0720833333333
0.0729166666666
0.07375
0.0745833333334
0.0754166666667
0.07625
0.0770833333333
0.0779166666666
0.07875
0.0795833333333
0.0804166666666
0.08125
0.0820833333333
0.0829166666667
0.08375
0.0845833333333
0.0854166666667
0.08625
0.0870833333333
0.0879166666666
0.08875
0.0895833333334
0.0904166666666
0.09125
0.0920833333334
0.0929166666666
0.09375
0.0945833333334
0.0954166666666
0.09625
0.0970833333334
0.0979166666666
0.09875
0.0995833333334
0.000416666666667
0.00125
0.00208333333333
0.00291666666667
0.00375
0.00458333333333
0.00541666666666
0.00625
0.00708333333334
0.00791666666667
0.00875
0.00958333333334
0.0104166666666
0.01125
0.0120833333333
0.0129166666666
0.01375
0.0145833333333
0.0154166666666
0.01625
0.0170833333333
0.0179166666667
0.01875
0.0195833333333
0.0204166666666
0.02125
0.0220833333334
0.0229166666667
0.02375
0.0245833333333
0.0254166666667
0.02625
0.0270833333334
0.0279166666666
0.02875
0.0295833333333
0.0304166666666
0.03125
0.0320833333333
0.0329166666666
0.03375
0.0345833333334
0.0354166666667
0.03625
0.0370833333333
0.0379166666667
0.03875
0.0395833333333
0.0404166666666
0.04125
0.0420833333333
0.0429166666667
0.04375
0.0445833333333
0.0454166666667
0.04625
0.0470833333334
0.0479166666666
0.04875
0.0495833333333
0.0504166666666
0.05125
0.0520833333333
0.0529166666667
0.05375
0.0545833333333
0.0554166666666
0.05625
0.0570833333333
0.0579166666666
0.05875
0.0595833333333
0.0604166666667
0.06125
0.0620833333334
0.0629166666666
0.06375
0.0645833333333
0.0654166666666
0.06625
0.0670833333333
0.0679166666666
0.06875
0.0695833333333
0.0704166666667
0.07125
0.0720833333334
0.0729166666666
0.07375
0.0745833333334
0.0754166666667
0.07625
0.0770833333334
0.0779166666666
0.07875
0.0795833333333
0.0804166666667
0.08125
0.0820833333334
0.0829166666666
0.08375
0.0845833333334
0.0854166666667
0.08625
0.0870833333334
0.0879166666666
0.08875
0.0895833333334
0.0904166666667
0.09125
0.0920833333334
0.0929166666666
0.09375
0.0945833333334
0.0954166666666
0.09625
0.0970833333334
0.0979166666666
0.09875
0.0995833333334
0.000416666666666
0.00125
0.00208333333333
0.00291666666666
0.00375
0.00458333333334
0.00541666666666
0.00625
0.00708333333333
0.00791666666666
0.00875
0.00958333333333
0.0104166666666
0.01125
0.0120833333334
0.0129166666666
0.01375
0.0145833333333
0.0154166666666
0.01625
0.0170833333333
0.0179166666666
0.01875
0.0195833333333
0.0204166666666
0.02125
0.0220833333334
0.0229166666666
0.02375
0.0245833333333
0.0254166666666
0.02625
0.0270833333333
0.0279166666666
0.02875
0.0295833333333
0.0304166666666
0.03125
0.0320833333333
0.0329166666666
0.03375
0.0345833333334
0.0354166666667
0.03625
0.0370833333333
0.0379166666667
0.03875
0.0395833333333
0.0404166666666
0.04125
0.0420833333334
0.0429166666667
0.04375
0.0445833333334
0.0454166666667
0.04625
0.0470833333333
0.0479166666666
0.04875
0.0495833333334
0.0504166666666
0.05125
0.0520833333333
0.0529166666666
0.05375
0.0545833333333
0.0554166666666
0.05625
0.0570833333334
0.0579166666666
0.05875
0.0595833333334
0.0604166666666
0.06125
0.0620833333333
0.0629166666666
0.06375
0.0645833333333
0.0654166666666
0.06625
0.0670833333334
0.0679166666666
0.06875
0.0695833333333
0.0704166666667
0.07125
0.0720833333333
0.0729166666667
0.07375
0.0745833333334
0.0754166666667
0.07625
0.0770833333334
0.0779166666666
0.07875
0.0795833333333
0.0804166666667
0.08125
0.0820833333333
0.0829166666666
0.08375
0.0845833333333
0.0854166666667
0.08625
0.0870833333333
0.0879166666666
0.08875
0.0895833333333
0.0904166666666
0.09125
0.0920833333334
0.0929166666666
0.09375
0.0945833333334
0.0954166666666
0.09625
0.0970833333333
0.0979166666666
0.09875
0.0995833333334
0.000416666666666
0.00125
0.00208333333333
0.00291666666667
0.00375
0.00458333333334
0.00541666666666
0.00625
0.00708333333334
0.00791666666667
0.00875
0.00958333333333
0.0104166666666
0.01125
0.0120833333333
0.0129166666666
0.01375
0.0145833333333
0.0154166666666
0.01625
0.0170833333334
0.0179166666667
0.01875
0.0195833333333
0.0204166666666
0.02125
0.0220833333334
0.0229166666667
0.02375
0.0245833333333
0.0254166666667
0.02625
0.0270833333334
0.0279166666667
0.02875
0.0295833333333
0.0304166666666
0.03125
0.0320833333333
0.0329166666666
0.03375
0.0345833333334
0.0354166666666
0.03625
0.0370833333333
0.0379166666667
0.03875
0.0395833333333
0.0404166666666
0.04125
0.0420833333333
0.0429166666667
0.04375
0.0445833333334
0.0454166666667
0.04625
0.0470833333333
0.0479166666666
0.04875
0.0495833333333
0.0504166666666
0.05125
0.0520833333333
0.0529166666666
0.05375
0.0545833333333
0.0554166666666
0.05625
0.0570833333334
0.0579166666666
0.05875
0.0595833333333
0.0604166666667
0.06125
0.0620833333333
0.0629166666666
0.06375
0.0645833333333
0.0654166666666
0.06625
0.0670833333333
0.0679166666666
0.06875
0.0695833333334
0.0704166666667
0.07125
0.0720833333334
0.0729166666666
0.07375
0.0745833333334
0.0754166666667
0.07625
0.0770833333333
0.0779166666666
0.07875
0.0795833333333
0.0804166666667
0.08125
0.0820833333333
0.0829166666666
0.08375
0.0845833333333
0.0854166666667
0.08625
0.0870833333333
0.0879166666666
0.08875
0.0895833333334
0.0904166666667
0.09125
0.0920833333334
0.0929166666667
0.09375
0.0945833333334
0.0954166666666
0.09625
0.0970833333333
0.0979166666666
0.09875
0.0995833333334
0.000416666666666
0.00125
0.00208333333333
0.00291666666666
0.00375
0.00458333333333
0.00541666666666
0.00625
0.00708333333334
0.00791666666667
0.00875
0.00958333333334
0.0104166666666
0.01125
0.0120833333333
0.0129166666666
0.01375
0.0145833333333
0.0154166666666
0.01625
0.0170833333334
0.0179166666667
0.01875
0.0195833333334
0.0204166666666
0.02125
0.0220833333333
0.0229166666667
0.02375
0.0245833333334
0.0254166666667
0.02625
0.0270833333333
0.0279166666666
0.02875
0.0295833333333
0.0304166666666
0.03125
0.0320833333333
0.0329166666667
0.03375
0.0345833333333
0.0354166666667
0.03625
0.0370833333334
0.0379166666666
0.03875
0.0395833333333
0.0404166666666
0.04125
0.0420833333333
0.0429166666666
0.04375
0.0445833333334
0.0454166666667
0.04625
0.0470833333333
0.0479166666666
0.04875
0.0495833333334
0.0504166666667
0.05125
0.0520833333333
0.0529166666666
0.05375
0.0545833333333
0.0554166666666
0.05625
0.0570833333334
0.0579166666666
0.05875
0.0595833333333
0.0604166666666
0.06125
0.0620833333333
0.0629166666667
0.06375
0.0645833333334
0.0654166666667
0.06625
0.0670833333333
0.0679166666666
0.06875
0.0695833333334
0.0704166666667
0.07125
0.0720833333333
0.0729166666667
0.07375
0.0745833333334
0.0754166666667
0.07625
0.0770833333334
0.0779166666667
0.07875
0.0795833333334
0.0804166666667
0.08125
0.0820833333333
0.0829166666666
0.08375
0.0845833333334
0.0854166666667
0.08625
0.0870833333333
0.0879166666667
0.08875
0.0895833333333
0.0904166666667
0.09125
0.0920833333333
0.0929166666667
0.09375
0.0945833333334
0.0954166666667
0.09625
0.0970833333333
0.0979166666666
0.09875
0.0995833333334
0.000416666666666
0.00125
0.00208333333333
0.00291666666666
0.00375
0.00458333333334
0.00541666666666
0.00625
0.00708333333333
0.00791666666666
0.00875
0.00958333333333
0.0104166666666
0.01125
0.0120833333333
0.0129166666666
0.01375
0.0145833333333
0.0154166666666
0.01625
0.0170833333334
0.0179166666666
0.01875
0.0195833333333
0.0204166666666
0.02125
0.0220833333334
0.0229166666666
0.02375
0.0245833333333
0.0254166666666
0.02625
0.0270833333333
0.0279166666667
0.02875
0.0295833333333
0.0304166666666
0.03125
0.0320833333333
0.0329166666666
0.03375
0.0345833333334
0.0354166666667
0.03625
0.0370833333333
0.0379166666667
0.03875
0.0395833333333
0.0404166666666
0.04125
0.0420833333334
0.0429166666667
0.04375
0.0445833333334
0.0454166666667
0.04625
0.0470833333333
0.0479166666666
0.04875
0.0495833333334
0.0504166666666
0.05125
0.0520833333333
0.0529166666666
0.05375
0.0545833333333
0.0554166666666
0.05625
0.0570833333333
0.0579166666666
0.05875
0.0595833333334
0.0604166666667
0.06125
0.0620833333333
0.0629166666666
0.06375
0.0645833333333
0.0654166666666
0.06625
0.0670833333334
0.0679166666666
0.06875
0.0695833333333
0.0704166666667
0.07125
0.0720833333333
0.0729166666667
0.07375
0.0745833333334
0.0754166666667
0.07625
0.0770833333334
0.0779166666666
0.07875
0.0795833333333
0.0804166666666
0.08125
0.0820833333333
0.0829166666666
0.08375
0.0845833333333
0.0854166666667
0.08625
0.0870833333333
0.0879166666666
0.08875
0.0895833333333
0.0904166666666
0.09125
0.0920833333334
0.0929166666666
0.09375
0.0945833333334
0.0954166666666
0.09625
0.0970833333333
0.0979166666666
0.09875
0.0995833333334
0.000416666666666
0.00125
0.00208333333333
0.00291666666667
0.00375
0.00458333333334
0.00541666666667
0.00625
0.00708333333334
0.00791666666667
0.00875
0.00958333333333
0.0104166666666
0.01125
0.0120833333333
0.0129166666666
0.01375
0.0145833333333
0.0154166666666
0.01625
0.0170833333333
0.0179166666667
0.01875
0.0195833333334
0.0204166666666
0.02125
0.0220833333334
0.0229166666667
0.02375
0.0245833333333
0.0254166666667
0.02625
0.0270833333333
0.0279166666667
0.02875
0.0295833333333
0.0304166666666
0.03125
0.0320833333333
0.0329166666666
0.03375
0.0345833333334
0.0354166666667
0.03625
0.0370833333333
0.0379166666667
0.03875
0.0395833333333
0.0404166666666
0.04125
0.0420833333334
0.0429166666667
0.04375
0.0445833333334
0.0454166666667
0.04625
0.0470833333333
0.0479166666667
0.04875
0.0495833333334
0.0504166666667
0.05125
0.0520833333333
0.0529166666666
0.05375
0.0545833333333
0.0554166666666
0.05625
0.0570833333334
0.0579166666667
0.05875
0.0595833333334
0.0604166666666
0.06125
0.0620833333334
0.0629166666666
0.06375
0.0645833333334
0.0654166666667
0.06625
0.0670833333333
0.0679166666666
0.06875
0.0695833333334
0.0704166666667
0.07125
0.0720833333334
0.0729166666666
0.07375
0.0745833333334
0.0754166666666
0.07625
0.0770833333333
0.0779166666666
0.07875
0.0795833333333
0.0804166666667
0.08125
0.0820833333333
0.0829166666666
0.08375
0.0845833333333
0.0854166666667
0.08625
0.0870833333333
0.0879166666666
0.08875
0.0895833333334
0.0904166666667
0.09125
0.0920833333333
0.0929166666666
0.09375
0.0945833333334
0.0954166666666
0.09625
0.0970833333333
0.0979166666666
0.09875
0.0995833333334
0.000416666666666
0.00125
0.00208333333333
0.00291666666667
0.00375
0.00458333333333
0.00541666666666
0.00625
0.00708333333334
0.00791666666667
0.00875
0.00958333333334
0.0104166666666
0.01125
0.0120833333333
0.0129166666666
0.01375
0.0145833333333
0.0154166666666
0.01625
0.0170833333333
0.0179166666667
0.01875
0.0195833333334
0.0204166666666
0.02125
0.0220833333334
0.0229166666667
0.02375
0.0245833333333
0.0254166666667
0.02625
0.0270833333333
0.0279166666667
0.02875
0.0295833333333
0.0304166666666
0.03125
0.0320833333333
0.0329166666667
0.03375
0.0345833333334
0.0354166666667
0.03625
0.0370833333333
0.0379166666667
0.03875
0.0395833333333
0.0404166666666
0.04125
0.0420833333334
0.0429166666666
0.04375
0.0445833333334
0.0454166666667
0.04625
0.0470833333333
0.0479166666667
0.04875
0.0495833333334
0.0504166666667
0.05125
0.0520833333333
0.0529166666667
0.05375
0.0545833333334
0.0554166666666
0.05625
0.0570833333334
0.0579166666666
0.05875
0.0595833333334
0.0604166666666
0.06125
0.0620833333333
0.0629166666666
0.06375
0.0645833333333
0.0654166666667
0.06625
0.0670833333334
0.0679166666666
0.06875
0.0695833333333
0.0704166666667
0.07125
0.0720833333334
0.0729166666666
0.07375
0.0745833333334
0.0754166666667
0.07625
0.0770833333333
0.0779166666666
0.07875
0.0795833333333
0.0804166666667
0.08125
0.0820833333333
0.0829166666666
0.08375
0.0845833333333
0.0854166666667
0.08625
0.0870833333333
0.0879166666666
0.08875
0.0895833333334
0.0904166666666
0.09125
0.0920833333333
0.0929166666666
0.09375
0.0945833333334
0.0954166666666
0.09625
0.0970833333334
0.0979166666666
0.09875
0.0995833333334
0.000416666666666
0.00125
0.00208333333333
0.00291666666666
0.00375
0.00458333333334
0.00541666666666
0.00625
0.00708333333333
0.00791666666666
0.00875
0.00958333333334
0.0104166666666
0.01125
0.0120833333333
0.0129166666666
0.01375
0.0145833333333
0.0154166666666
0.01625
0.0170833333333
0.0179166666666
0.01875
0.0195833333333
0.0204166666666
0.02125
0.0220833333333
0.0229166666666
0.02375
0.0245833333333
0.0254166666666
0.02625
0.0270833333333
0.0279166666666
0.02875
0.0295833333333
0.0304166666666
0.03125
0.0320833333333
0.0329166666666
0.03375
0.0345833333334
0.0354166666666
0.03625
0.0370833333333
0.0379166666667
0.03875
0.0395833333333
0.0404166666666
0.04125
0.0420833333334
0.0429166666667
0.04375
0.0445833333334
0.0454166666667
0.04625
0.0470833333333
0.0479166666667
0.04875
0.0495833333334
0.0504166666666
0.05125
0.0520833333333
0.0529166666666
0.05375
0.0545833333333
0.0554166666666
0.05625
0.0570833333333
0.0579166666666
0.05875
0.0595833333334
0.0604166666667
0.06125
0.0620833333333
0.0629166666666
0.06375
0.0645833333333
0.0654166666666
0.06625
0.0670833333334
0.0679166666666
0.06875
0.0695833333333
0.0704166666667
0.07125
0.0720833333333
0.0729166666667
0.07375
0.0745833333333
0.0754166666667
0.07625
0.0770833333334
0.0779166666666
0.07875
0.0795833333333
0.0804166666666
0.08125
0.0820833333333
0.0829166666666
0.08375
0.0845833333333
0.0854166666667
0.08625
0.0870833333334
0.0879166666666
0.08875
0.0895833333333
0.0904166666666
0.09125
0.0920833333334
0.0929166666666
0.09375
0.0945833333334
0.0954166666666
0.09625
0.0970833333333
0.0979166666666
0.09875
0.0995833333334
0.000416666666666
0.00125
0.00208333333333
0.00291666666667
0.00375
0.00458333333333
0.00541666666667
0.00625
0.00708333333334
0.00791666666667
0.00875
0.00958333333334
0.0104166666666
0.01125
0.0120833333334
0.0129166666667
0.01375
0.0145833333333
0.0154166666666
0.01625
0.0170833333334
0.0179166666667
0.01875
0.0195833333334
0.0204166666666
0.02125
0.0220833333334
0.0229166666667
0.02375
0.0245833333334
0.0254166666667
0.02625
0.0270833333333
0.0279166666666
0.02875
0.0295833333334
0.0304166666667
0.03125
0.0320833333333
0.0329166666667
0.03375
0.0345833333334
0.0354166666666
0.03625
0.0370833333333
0.0379166666667
0.03875
0.0395833333333
0.0404166666666
0.04125
0.0420833333334
0.0429166666666
0.04375
0.0445833333334
0.0454166666666
0.04625
0.0470833333334
0.0479166666666
0.04875
0.0495833333334
0.0504166666667
0.05125
0.0520833333333
0.0529166666667
0.05375
0.0545833333334
0.0554166666666
0.05625
0.0570833333334
0.0579166666666
0.05875
0.0595833333334
0.0604166666666
0.06125
0.0620833333334
0.0629166666667
0.06375
0.0645833333333
0.0654166666666
0.06625
0.0670833333334
0.0679166666666
0.06875
0.0695833333334
0.0704166666667
0.07125
0.0720833333333
0.0729166666667
0.07375
0.0745833333334
0.0754166666667
0.07625
0.0770833333333
0.0779166666666
0.07875
0.0795833333333
0.0804166666667
0.08125
0.0820833333333
0.0829166666667
0.08375
0.0845833333333
0.0854166666667
0.08625
0.0870833333334
0.0879166666666
0.08875
0.0895833333334
0.0904166666666
0.09125
0.0920833333334
0.0929166666666
0.09375
0.0945833333334
0.0954166666667
0.09625
0.0970833333333
0.0979166666667
0.09875
0.0995833333334
0.000416666666666
0.00125
0.00208333333333
0.00291666666667
0.00375
0.00458333333333
0.00541666666666
0.00625
0.00708333333334
0.00791666666667
0.00875
0.00958333333333
0.0104166666666
0.01125
0.0120833333334
0.0129166666666
0.01375
0.0145833333333
0.0154166666666
0.01625
0.0170833333334
0.0179166666667
0.01875
0.0195833333334
0.0204166666667
0.02125
0.0220833333333
0.0229166666667
0.02375
0.0245833333334
0.0254166666667
0.02625
0.0270833333333
0.0279166666666
0.02875
0.0295833333333
0.0304166666666
0.03125
0.0320833333333
0.0329166666666
0.03375
0.0345833333333
0.0354166666666
0.03625
0.0370833333333
0.0379166666667
0.03875
0.0395833333333
0.0404166666666
0.04125
0.0420833333334
0.0429166666667
0.04375
0.0445833333334
0.0454166666667
0.04625
0.0470833333333
0.0479166666666
0.04875
0.0495833333334
0.0504166666666
0.05125
0.0520833333333
0.0529166666667
0.05375
0.0545833333333
0.0554166666666
0.05625
0.0570833333334
0.0579166666666
0.05875
0.0595833333333
0.0604166666667
0.06125
0.0620833333333
0.0629166666666
0.06375
0.0645833333333
0.0654166666666
0.06625
0.0670833333333
0.0679166666667
0.06875
0.0695833333334
0.0704166666667
0.07125
0.0720833333333
0.0729166666666
0.07375
0.0745833333334
0.0754166666666
0.07625
0.0770833333333
0.0779166666666
0.07875
0.0795833333333
0.0804166666667
0.08125
0.0820833333333
0.0829166666666
0.08375
0.0845833333333
0.0854166666667
0.08625
0.0870833333333
0.0879166666666
0.08875
0.0895833333334
0.0904166666667
0.09125
0.0920833333334
0.0929166666666
0.09375
0.0945833333334
0.0954166666666
0.09625
0.0970833333334
0.0979166666666
0.09875
0.0995833333334
0.000416666666666
0.00125
0.00208333333333
0.00291666666666
0.00375
0.00458333333333
0.00541666666666
0.00625
0.00708333333333
0.00791666666666
0.00875
0.00958333333333
0.0104166666666
0.01125
0.0120833333333
0.0129166666666
0.01375
0.0145833333333
0.0154166666666
0.01625
0.0170833333333
0.0179166666666
0.01875
0.0195833333333
0.0204166666666
0.02125
0.0220833333334
0.0229166666666
0.02375
0.0245833333333
0.0254166666666
0.02625
0.0270833333333
0.0279166666667
0.02875
0.0295833333333
0.0304166666666
0.03125
0.0320833333333
0.0329166666667
0.03375
0.0345833333334
0.0354166666666
0.03625
0.0370833333333
0.0379166666667
0.03875
0.0395833333333
0.0404166666666
0.04125
0.0420833333334
0.0429166666666
0.04375
0.0445833333334
0.0454166666667
0.04625
0.0470833333333
0.0479166666667
0.04875
0.0495833333334
0.0504166666666
0.05125
0.0520833333333
0.0529166666666
0.05375
0.0545833333333
0.0554166666666
0.05625
0.0570833333334
0.0579166666666
0.05875
0.0595833333334
0.0604166666667
0.06125
0.0620833333333
0.0629166666667
0.06375
0.0645833333333
0.0654166666666
0.06625
0.0670833333334
0.0679166666666
0.06875
0.0695833333333
0.0704166666667
0.07125
0.0720833333333
0.0729166666667
0.07375
0.0745833333333
0.0754166666666
0.07625
0.0770833333333
0.0779166666666
0.07875
0.0795833333333
0.0804166666666
0.08125
0.0820833333333
0.0829166666666
0.08375
0.0845833333334
0.0854166666667
0.08625
0.0870833333334
0.0879166666666
0.08875
0.0895833333333
0.0904166666666
0.09125
0.0920833333334
0.0929166666666
0.09375
0.0945833333333
0.0954166666666
0.09625
0.0970833333334
0.0979166666666
0.09875
0.0995833333333
0.000416666666666
0.00125
0.00208333333333
0.00291666666667
0.00375
0.00458333333334
0.00541666666667
0.00625
0.00708333333334
0.00791666666667
0.00875
0.00958333333333
0.0104166666666
0.01125
0.0120833333334
0.0129166666666
0.01375
0.0145833333333
0.0154166666666
0.01625
0.0170833333334
0.0179166666667
0.01875
0.0195833333334
0.0204166666666
0.02125
0.0220833333333
0.0229166666667
0.02375
0.0245833333334
0.0254166666667
0.02625
0.0270833333333
0.0279166666666
0.02875
0.0295833333333
0.0304166666667
0.03125
0.0320833333333
0.0329166666667
0.03375
0.0345833333334
0.0354166666666
0.03625
0.0370833333333
0.0379166666667
0.03875
0.0395833333333
0.0404166666666
0.04125
0.0420833333333
0.0429166666667
0.04375
0.0445833333334
0.0454166666667
0.04625
0.0470833333333
0.0479166666666
0.04875
0.0495833333334
0.0504166666666
0.05125
0.0520833333333
0.0529166666667
0.05375
0.0545833333333
0.0554166666666
0.05625
0.0570833333334
0.0579166666666
0.05875
0.0595833333334
0.0604166666666
0.06125
0.0620833333333
0.0629166666666
0.06375
0.0645833333333
0.0654166666667
0.06625
0.0670833333333
0.0679166666666
0.06875
0.0695833333334
0.0704166666667
0.07125
0.0720833333334
0.0729166666666
0.07375
0.0745833333334
0.0754166666667
0.07625
0.0770833333334
0.0779166666666
0.07875
0.0795833333333
0.0804166666667
0.08125
0.0820833333333
0.0829166666666
0.08375
0.0845833333334
0.0854166666667
0.08625
0.0870833333333
0.0879166666666
0.08875
0.0895833333334
0.0904166666667
0.09125
0.0920833333334
0.0929166666666
0.09375
0.0945833333334
0.0954166666666
0.09625
0.0970833333334
0.0979166666666
0.09875
0.0995833333334
0.000416666666666
0.00125
0.00208333333333
0.00291666666666
0.00375
0.00458333333334
0.00541666666666
0.00625
0.00708333333334
0.00791666666667
0.00875
0.00958333333334
0.0104166666666
0.01125
0.0120833333334
0.0129166666666
0.01375
0.0145833333333
0.0154166666666
0.01625
0.0170833333334
0.0179166666667
0.01875
0.0195833333333
0.0204166666666
0.02125
0.0220833333333
0.0229166666667
0.02375
0.0245833333334
0.0254166666667
0.02625
0.0270833333334
0.0279166666666
0.02875
0.0295833333333
0.0304166666666
0.03125
0.0320833333333
0.0329166666666
0.03375
0.0345833333334
0.0354166666666
0.03625
0.0370833333333
0.0379166666667
0.03875
0.0395833333333
0.0404166666666
0.04125
0.0420833333333
0.0429166666667
0.04375
0.0445833333333
0.0454166666667
0.04625
0.0470833333333
0.0479166666667
0.04875
0.0495833333333
0.0504166666666
0.05125
0.0520833333333
0.0529166666666
0.05375
0.0545833333333
0.0554166666666
0.05625
0.0570833333334
0.0579166666666
0.05875
0.0595833333333
0.0604166666667
0.06125
0.0620833333333
0.0629166666666
0.06375
0.0645833333334
0.0654166666667
0.06625
0.0670833333333
0.0679166666666
0.06875
0.0695833333334
0.0704166666667
0.07125
0.0720833333334
0.0729166666666
0.07375
0.0745833333333
0.0754166666667
0.07625
0.0770833333334
0.0779166666666
0.07875
0.0795833333333
0.0804166666666
0.08125
0.0820833333333
0.0829166666666
0.08375
0.0845833333334
0.0854166666667
0.08625
0.0870833333333
0.0879166666666
0.08875
0.0895833333334
0.0904166666667
0.09125
0.0920833333334
0.0929166666667
0.09375
0.0945833333334
0.0954166666666
0.09625
0.0970833333333
0.0979166666666
0.09875
0.0995833333334
0.000416666666666
0.00125
0.00208333333333
0.00291666666666
0.00375
0.00458333333334
0.00541666666666
0.00625
0.00708333333334
0.00791666666666
0.00875
0.00958333333334
0.0104166666666
0.01125
0.0120833333333
0.0129166666666
0.01375
0.0145833333333
0.0154166666666
0.01625
0.0170833333333
0.0179166666666
0.01875
0.0195833333333
0.0204166666666
0.02125
0.0220833333334
0.0229166666666
0.02375
0.0245833333333
0.0254166666666
0.02625
0.0270833333333
0.0279166666667
0.02875
0.0295833333333
0.0304166666666
0.03125
0.0320833333333
0.0329166666667
0.03375
0.0345833333334
0.0354166666666
0.03625
0.0370833333333
0.0379166666667
0.03875
0.0395833333333
0.0404166666666
0.04125
0.0420833333334
0.0429166666666
0.04375
0.0445833333334
0.0454166666667
0.04625
0.0470833333333
0.0479166666667
0.04875
0.0495833333334
0.0504166666666
0.05125
0.0520833333333
0.0529166666666
0.05375
0.0545833333333
0.0554166666666
0.05625
0.0570833333334
0.0579166666666
0.05875
0.0595833333334
0.0604166666667
0.06125
0.0620833333333
0.0629166666667
0.06375
0.0645833333333
0.0654166666666
0.06625
0.0670833333333
0.0679166666666
0.06875
0.0695833333333
0.0704166666667
0.07125
0.0720833333333
0.0729166666666
0.07375
0.0745833333334
0.0754166666666
0.07625
0.0770833333334
0.0779166666666
0.07875
0.0795833333333
0.0804166666666
0.08125
0.0820833333333
0.0829166666666
0.08375
0.0845833333333
0.0854166666667
0.08625
0.0870833333333
0.0879166666666
0.08875
0.0895833333333
0.0904166666667
0.09125
0.0920833333333
0.0929166666666
0.09375
0.0945833333334
0.0954166666666
0.09625
0.0970833333333
0.0979166666666
0.09875
0.0995833333333
0.000416666666666
0.00125
0.00208333333333
0.00291666666667
0.00375
0.00458333333334
0.00541666666667
0.00625
0.00708333333334
0.00791666666667
0.00875
0.00958333333333
0.0104166666666
0.01125
0.0120833333334
0.0129166666667
0.01375
0.0145833333333
0.0154166666666
0.01625
0.0170833333334
0.0179166666667
0.01875
0.0195833333334
0.0204166666666
0.02125
0.0220833333333
0.0229166666667
0.02375
0.0245833333334
0.0254166666667
0.02625
0.0270833333333
0.0279166666666
0.02875
0.0295833333333
0.0304166666667
0.03125
0.0320833333333
0.0329166666667
0.03375
0.0345833333334
0.0354166666666
0.03625
0.0370833333333
0.0379166666667
0.03875
0.0395833333333
0.0404166666666
0.04125
0.0420833333333
0.0429166666667
0.04375
0.0445833333334
0.0454166666667
0.04625
0.0470833333333
0.0479166666666
0.04875
0.0495833333334
0.0504166666666
0.05125
0.0520833333333
0.0529166666667
0.05375
0.0545833333333
0.0554166666666
0.05625
0.0570833333334
0.0579166666666
0.05875
0.0595833333334
0.0604166666666
0.06125
0.0620833333333
0.0629166666666
0.06375
0.0645833333333
0.0654166666667
0.06625
0.0670833333334
0.0679166666666
0.06875
0.0695833333334
0.0704166666667
0.07125
0.0720833333334
0.0729166666666
0.07375
0.0745833333334
0.0754166666666
0.07625
0.0770833333333
0.0779166666666
0.07875
0.0795833333333
0.0804166666667
0.08125
0.0820833333333
0.0829166666666
0.08375
0.0845833333334
0.0854166666667
0.08625
0.0870833333333
0.0879166666666
0.08875
0.0895833333334
0.0904166666666
0.09125
0.0920833333334
0.0929166666666
0.09375
0.0945833333334
0.0954166666666
0.09625
0.0970833333334
0.0979166666666
0.09875
0.0995833333334
0.000416666666666
0.00125
0.00208333333333
0.00291666666666
0.00375
0.00458333333334
0.00541666666666
0.00625
0.00708333333334
0.00791666666667
0.00875
0.00958333333333
0.0104166666666
0.01125
0.0120833333334
0.0129166666667
0.01375
0.0145833333333
0.0154166666666
0.01625
0.0170833333334
0.0179166666667
0.01875
0.0195833333334
0.0204166666666
0.02125
0.0220833333334
0.0229166666667
0.02375
0.0245833333333
0.0254166666666
0.02625
0.0270833333333
0.0279166666666
0.02875
0.0295833333334
0.0304166666667
0.03125
0.0320833333333
0.0329166666666
0.03375
0.0345833333334
0.0354166666666
0.03625
0.0370833333334
0.0379166666667
0.03875
0.0395833333333
0.0404166666667
0.04125
0.0420833333334
0.0429166666666
0.04375
0.0445833333333
0.0454166666667
0.04625
0.0470833333333
0.0479166666667
0.04875
0.0495833333334
0.0504166666667
0.05125
0.0520833333333
0.0529166666666
0.05375
0.0545833333333
0.0554166666666
0.05625
0.0570833333334
0.0579166666667
0.05875
0.0595833333333
0.0604166666667
0.06125
0.0620833333333
0.0629166666666
0.06375
0.0645833333334
0.0654166666667
0.06625
0.0670833333333
0.0679166666666
0.06875
0.0695833333334
0.0704166666667
0.07125
0.0720833333333
0.0729166666666
0.07375
0.0745833333334
0.0754166666667
0.07625
0.0770833333334
0.0779166666667
0.07875
0.0795833333334
0.0804166666667
0.08125
0.0820833333333
0.0829166666666
0.08375
0.0845833333334
0.0854166666667
0.08625
0.0870833333333
0.0879166666667
0.08875
0.0895833333334
0.0904166666666
0.09125
0.0920833333334
0.0929166666666
0.09375
0.0945833333333
0.0954166666666
0.09625
0.0970833333333
0.0979166666666
0.09875
0.0995833333334
0.000416666666666
0.00125
0.00208333333333
0.00291666666666
0.00375
0.00458333333334
0.00541666666666
0.00625
0.00708333333333
0.00791666666666
0.00875
0.00958333333333
0.0104166666666
0.01125
0.0120833333333
0.0129166666666
0.01375
0.0145833333333
0.0154166666666
0.01625
0.0170833333334
0.0179166666666
0.01875
0.0195833333334
0.0204166666666
0.02125
0.0220833333334
0.0229166666667
0.02375
0.0245833333333
0.0254166666666
0.02625
0.0270833333333
0.0279166666667
0.02875
0.0295833333333
0.0304166666666
0.03125
0.0320833333333
0.0329166666666
0.03375
0.0345833333334
0.0354166666666
0.03625
0.0370833333333
0.0379166666667
0.03875
0.0395833333333
0.0404166666666
0.04125
0.0420833333334
0.0429166666666
0.04375
0.0445833333334
0.0454166666667
0.04625
0.0470833333333
0.0479166666667
0.04875
0.0495833333334
0.0504166666666
0.05125
0.0520833333333
0.0529166666666
0.05375
0.0545833333333
0.0554166666666
0.05625
0.0570833333334
0.0579166666666
0.05875
0.0595833333334
0.0604166666666
0.06125
0.0620833333333
0.0629166666666
0.06375
0.0645833333333
0.0654166666666
0.06625
0.0670833333334
0.0679166666666
0.06875
0.0695833333334
0.0704166666667
0.07125
0.0720833333333
0.0729166666667
0.07375
0.0745833333333
0.0754166666667
0.07625
0.0770833333333
0.0779166666666
0.07875
0.0795833333333
0.0804166666667
0.08125
0.0820833333333
0.0829166666666
0.08375
0.0845833333333
0.0854166666667
0.08625
0.0870833333334
0.0879166666666
0.08875
0.0895833333333
0.0904166666666
0.09125
0.0920833333334
0.0929166666666
0.09375
0.0945833333334
0.0954166666667
0.09625
0.0970833333334
0.0979166666666
0.09875
0.0995833333333
0.000416666666667
0.00125
0.00208333333333
0.00291666666667
0.00375
0.00458333333334
0.00541666666666
0.00625
0.00708333333334
0.00791666666667
0.00875
0.00958333333334
0.0104166666666
0.01125
0.0120833333334
0.0129166666666
0.01375
0.0145833333333
0.0154166666666
0.01625
0.0170833333334
0.0179166666667
0.01875
0.0195833333333
0.0204166666666
0.02125
0.0220833333333
0.0229166666667
0.02375
0.0245833333334
0.0254166666666
0.02625
0.0270833333334
0.0279166666666
0.02875
0.0295833333333
0.0304166666667
0.03125
0.0320833333333
0.0329166666666
0.03375
0.0345833333334
0.0354166666666
0.03625
0.0370833333333
0.0379166666667
0.03875
0.0395833333333
0.0404166666666
0.04125
0.0420833333333
0.0429166666666
0.04375
0.0445833333333
0.0454166666667
0.04625
0.0470833333333
0.0479166666666
0.04875
0.0495833333333
0.0504166666667
0.05125
0.0520833333333
0.0529166666667
0.05375
0.0545833333333
0.0554166666666
0.05625
0.0570833333333
0.0579166666666
0.05875
0.0595833333334
0.0604166666667
0.06125
0.0620833333333
0.0629166666666
0.06375
0.0645833333333
0.0654166666666
0.06625
0.0670833333333
0.0679166666666
0.06875
0.0695833333333
0.0704166666667
0.07125
0.0720833333334
0.0729166666666
0.07375
0.0745833333333
0.0754166666667
0.07625
0.0770833333334
0.0779166666666
0.07875
0.0795833333333
0.0804166666667
0.08125
0.0820833333334
0.0829166666666
0.08375
0.0845833333334
0.0854166666667
0.08625
0.0870833333333
0.0879166666666
0.08875
0.0895833333334
0.0904166666667
0.09125
0.0920833333334
0.0929166666666
0.09375
0.0945833333334
0.0954166666666
0.09625
0.0970833333334
0.0979166666666
0.09875
0.0995833333334
0.000416666666666
0.00125
0.00208333333333
0.00291666666667
0.00375
0.00458333333334
0.00541666666667
0.00625
0.00708333333334
0.00791666666667
0.00875
0.00958333333333
0.0104166666666
0.01125
0.0120833333334
0.0129166666667
0.01375
0.0145833333333
0.0154166666666
0.01625
0.0170833333334
0.0179166666667
0.01875
0.0195833333333
0.0204166666667
0.02125
0.0220833333333
0.0229166666667
0.02375
0.0245833333334
0.0254166666667
0.02625
0.0270833333334
0.0279166666667
0.02875
0.0295833333333
0.0304166666667
0.03125
0.0320833333333
0.0329166666666
0.03375
0.0345833333334
0.0354166666666
0.03625
0.0370833333333
0.0379166666667
0.03875
0.0395833333333
0.0404166666666
0.04125
0.0420833333334
0.0429166666666
0.04375
0.0445833333334
0.0454166666667
0.04625
0.0470833333333
0.0479166666666
0.04875
0.0495833333334
0.0504166666666
0.05125
0.0520833333333
0.0529166666666
0.05375
0.0545833333333
0.0554166666666
0.05625
0.0570833333334
0.0579166666666
0.05875
0.0595833333334
0.0604166666666
0.06125
0.0620833333333
0.0629166666666
0.06375
0.0645833333333
0.0654166666667
0.06625
0.0670833333334
0.0679166666666
0.06875
0.0695833333334
0.0704166666667
0.07125
0.0720833333334
0.0729166666666
0.07375
0.0745833333334
0.0754166666667
0.07625
0.0770833333333
0.0779166666666
0.07875
0.0795833333333
0.0804166666666
0.08125
0.0820833333334
0.0829166666666
0.08375
0.0845833333333
0.0854166666667
0.08625
0.0870833333333
0.0879166666666
0.08875
0.0895833333334
0.0904166666666
0.09125
0.0920833333334
0.0929166666666
0.09375
0.0945833333334
0.0954166666666
0.09625
0.0970833333334
0.0979166666666
0.09875
0.0995833333334
0.000416666666666
0.00125
0.00208333333333
0.00291666666666
0.00375
0.00458333333333
0.00541666666666
0.00625
0.00708333333333
0.00791666666667
0.00875
0.00958333333333
0.0104166666666
0.01125
0.0120833333333
0.0129166666666
0.01375
0.0145833333333
0.0154166666666
0.01625
0.0170833333334
0.0179166666667
0.01875
0.0195833333333
0.0204166666666
0.02125
0.0220833333334
0.0229166666667
0.02375
0.0245833333333
0.0254166666666
0.02625
0.0270833333333
0.0279166666667
0.02875
0.0295833333333
0.0304166666666
0.03125
0.0320833333333
0.0329166666667
0.03375
0.0345833333334
0.0354166666666
0.03625
0.0370833333333
0.0379166666667
0.03875
0.0395833333333
0.0404166666666
0.04125
0.0420833333334
0.0429166666666
0.04375
0.0445833333334
0.0454166666667
0.04625
0.0470833333333
0.0479166666667
0.04875
0.0495833333334
0.0504166666666
0.05125
0.0520833333333
0.0529166666666
0.05375
0.0545833333333
0.0554166666666
0.05625
0.0570833333334
0.0579166666666
0.05875
0.0595833333333
0.0604166666667
0.06125
0.0620833333333
0.0629166666667
0.06375
0.0645833333333
0.0654166666666
0.06625
0.0670833333334
0.0679166666666
0.06875
0.0695833333333
0.0704166666667
0.07125
0.0720833333333
0.0729166666667
0.07375
0.0745833333334
0.0754166666666
0.07625
0.0770833333333
0.0779166666666
0.07875
0.0795833333333
0.0804166666666
0.08125
0.0820833333333
0.0829166666666
0.08375
0.0845833333334
0.0854166666667
0.08625
0.0870833333333
0.0879166666666
0.08875
0.0895833333333
0.0904166666666
0.09125
0.0920833333334
0.0929166666666
0.09375
0.0945833333333
0.0954166666666
0.09625
0.0970833333334
0.0979166666666
0.09875
0.0995833333333
0.000416666666667
0.00125
0.00208333333333
0.00291666666666
0.00375
0.00458333333334
0.00541666666667
0.00625
0.00708333333334
0.00791666666667
0.00875
0.00958333333334
0.0104166666666
0.01125
0.0120833333334
0.0129166666666
0.01375
0.0145833333333
0.0154166666666
0.01625
0.0170833333334
0.0179166666667
0.01875
0.0195833333333
0.0204166666666
0.02125
0.0220833333333
0.0229166666667
0.02375
0.0245833333334
0.0254166666666
0.02625
0.0270833333334
0.0279166666667
0.02875
0.0295833333333
0.0304166666667
0.03125
0.0320833333333
0.0329166666666
0.03375
0.0345833333334
0.0354166666666
0.03625
0.0370833333333
0.0379166666667
0.03875
0.0395833333333
0.0404166666666
0.04125
0.0420833333333
0.0429166666666
0.04375
0.0445833333333
0.0454166666667
0.04625
0.0470833333333
0.0479166666666
0.04875
0.0495833333333
0.0504166666667
0.05125
0.0520833333333
0.0529166666667
0.05375
0.0545833333333
0.0554166666666
0.05625
0.0570833333333
0.0579166666666
0.05875
0.0595833333334
0.0604166666667
0.06125
0.0620833333333
0.0629166666666
0.06375
0.0645833333333
0.0654166666666
0.06625
0.0670833333333
0.0679166666667
0.06875
0.0695833333334
0.0704166666667
0.07125
0.0720833333334
0.0729166666666
0.07375
0.0745833333334
0.0754166666666
0.07625
0.0770833333334
0.0779166666666
0.07875
0.0795833333333
0.0804166666667
0.08125
0.0820833333333
0.0829166666667
0.08375
0.0845833333334
0.0854166666667
0.08625
0.0870833333333
0.0879166666666
0.08875
0.0895833333334
0.0904166666667
0.09125
0.0920833333334
0.0929166666666
0.09375
0.0945833333334
0.0954166666666
0.09625
0.0970833333334
0.0979166666666
0.09875
0.0995833333334
)
;

boundaryField
{
    inlet
    {
        type            calculated;
        value           uniform 0;
    }
    outlet
    {
        type            calculated;
        value           nonuniform List<scalar> 
48
(
0.1
0.1
0.1
0.1
0.1
0.1
0.1
0.1
0.1
0.1
0.1
0.1
0.1
0.1
0.1
0.1
0.1
0.1
0.1
0.1
0.1
0.1
0.1
0.1
0.1
0.1
0.1
0.1
0.1
0.1
0.1
0.1
0.1
0.1
0.1
0.1
0.1
0.1
0.1
0.1
0.1
0.1
0.1
0.1
0.1
0.1
0.1
0.1
)
;
    }
    bottomWall
    {
        type            calculated;
        value           nonuniform List<scalar> 
120
(
0.000416666666666
0.00125
0.00208333333333
0.00291666666666
0.00375
0.00458333333333
0.00541666666667
0.00625
0.00708333333334
0.00791666666667
0.00875
0.00958333333333
0.0104166666667
0.01125
0.0120833333334
0.0129166666666
0.01375
0.0145833333334
0.0154166666666
0.01625
0.0170833333333
0.0179166666667
0.01875
0.0195833333334
0.0204166666666
0.02125
0.0220833333334
0.0229166666667
0.02375
0.0245833333333
0.0254166666666
0.02625
0.0270833333334
0.0279166666666
0.02875
0.0295833333334
0.0304166666667
0.03125
0.0320833333333
0.0329166666666
0.03375
0.0345833333334
0.0354166666666
0.03625
0.0370833333333
0.0379166666667
0.03875
0.0395833333333
0.0404166666666
0.04125
0.0420833333333
0.0429166666666
0.04375
0.0445833333333
0.0454166666666
0.04625
0.0470833333333
0.0479166666666
0.04875
0.0495833333334
0.0504166666666
0.05125
0.0520833333333
0.0529166666667
0.05375
0.0545833333333
0.0554166666666
0.05625
0.0570833333333
0.0579166666666
0.05875
0.0595833333333
0.0604166666666
0.06125
0.0620833333333
0.0629166666666
0.06375
0.0645833333333
0.0654166666666
0.06625
0.0670833333333
0.0679166666666
0.06875
0.0695833333334
0.0704166666667
0.07125
0.0720833333333
0.0729166666666
0.07375
0.0745833333334
0.0754166666666
0.07625
0.0770833333333
0.0779166666666
0.07875
0.0795833333333
0.0804166666666
0.08125
0.0820833333333
0.0829166666666
0.08375
0.0845833333333
0.0854166666667
0.08625
0.0870833333333
0.0879166666666
0.08875
0.0895833333333
0.0904166666666
0.09125
0.0920833333334
0.0929166666666
0.09375
0.0945833333333
0.0954166666666
0.09625
0.0970833333333
0.0979166666666
0.09875
0.0995833333333
)
;
    }
    topWall
    {
        type            calculated;
        value           nonuniform List<scalar> 
120
(
0.000416666666666
0.00125
0.00208333333333
0.00291666666666
0.00375
0.00458333333334
0.00541666666666
0.00625
0.00708333333334
0.00791666666667
0.00875
0.00958333333334
0.0104166666666
0.01125
0.0120833333334
0.0129166666666
0.01375
0.0145833333333
0.0154166666666
0.01625
0.0170833333334
0.0179166666667
0.01875
0.0195833333334
0.0204166666666
0.02125
0.0220833333334
0.0229166666667
0.02375
0.0245833333333
0.0254166666667
0.02625
0.0270833333334
0.0279166666666
0.02875
0.0295833333333
0.0304166666667
0.03125
0.0320833333333
0.0329166666666
0.03375
0.0345833333334
0.0354166666666
0.03625
0.0370833333333
0.0379166666667
0.03875
0.0395833333333
0.0404166666666
0.04125
0.0420833333333
0.0429166666666
0.04375
0.0445833333333
0.0454166666667
0.04625
0.0470833333333
0.0479166666667
0.04875
0.0495833333334
0.0504166666667
0.05125
0.0520833333333
0.0529166666666
0.05375
0.0545833333333
0.0554166666666
0.05625
0.0570833333333
0.0579166666666
0.05875
0.0595833333333
0.0604166666666
0.06125
0.0620833333333
0.0629166666666
0.06375
0.0645833333333
0.0654166666666
0.06625
0.0670833333333
0.0679166666666
0.06875
0.0695833333334
0.0704166666667
0.07125
0.0720833333333
0.0729166666667
0.07375
0.0745833333334
0.0754166666667
0.07625
0.0770833333333
0.0779166666666
0.07875
0.0795833333333
0.0804166666666
0.08125
0.0820833333333
0.0829166666666
0.08375
0.0845833333333
0.0854166666667
0.08625
0.0870833333333
0.0879166666666
0.08875
0.0895833333333
0.0904166666666
0.09125
0.0920833333334
0.0929166666666
0.09375
0.0945833333334
0.0954166666666
0.09625
0.0970833333333
0.0979166666666
0.09875
0.0995833333333
)
;
    }
    frontAndBack
    {
        type            empty;
    }
}


// ************************************************************************* //
